osmid,ref,name,highway,oneway,reversed,length,geometry
31533850,BR-428,Rodovia BR-428,trunk,False,False,283.35,"LINESTRING (-40.2706747 -8.9927187, -40.2703148 -8.9925103, -40.2684586 -8.991414)"
300162644,BR-428,Rodovia BR-428,trunk,True,False,56.709,"LINESTRING (-40.2706747 -8.9927187, -40.2708894 -8.9927798, -40.2709826 -8.9927921, -40.2710818 -8.9927895, -40.2711804 -8.9927753)"
334876906,,Travessa Zefinho Gomes,residential,False,False,19.445,"LINESTRING (-40.2713138 -8.9892316, -40.2711431 -8.989278)"
31534531,BR-122,Rodovia BR-122,trunk,False,True,180.02,"LINESTRING (-40.2713138 -8.9892316, -40.2714372 -8.989666, -40.2715129 -8.9900109, -40.2715803 -8.9903936, -40.2716244 -8.9908178)"
31534531,BR-122,Rodovia BR-122,trunk,False,False,5.918,"LINESTRING (-40.271698 -8.9917921, -40.2716965 -8.9917389)"
300162577,BR-122,Rodovia BR-122,trunk,True,False,132.024,"LINESTRING (-40.271698 -8.9917921, -40.2717446 -8.9920703, -40.2717962 -8.9925994, -40.2718174 -8.9929726)"
334876895,,Rua José Ricardo,residential,False,False,113.231,"LINESTRING (-40.2715566 -8.9925045, -40.2707981 -8.9918148)"
300162652,BR-122,,trunk,True,False,81.671,"LINESTRING (-40.2715566 -8.9925045, -40.2716192 -8.9923887, -40.2716628 -8.9922119, -40.271698 -8.9917921)"
300162644,BR-428,Rodovia BR-428,trunk,True,False,15.575,"LINESTRING (-40.2711804 -8.9927753, -40.2713151 -8.9927315)"
455558739,,Rua João Pessoa,residential,False,False,102.093,"LINESTRING (-40.2711804 -8.9927753, -40.2703726 -8.992321)"
300162652,BR-122,,trunk,True,False,21.924,"LINESTRING (-40.2714302 -8.9926571, -40.2715566 -8.9925045)"
300162576,,,trunk_link,True,False,61.66499999999999,"LINESTRING (-40.2714302 -8.9926571, -40.2715538 -8.9926475, -40.2716367 -8.9926823, -40.2716914 -8.9927404, -40.271752 -8.9928378, -40.2718174 -8.9929726)"
300162586,BR-428,Rodovia BR-428,trunk,True,False,69.392,"LINESTRING (-40.2712145 -8.9930428, -40.2709443 -8.9928875, -40.2706747 -8.9927187)"
455859998,,,trunk_link,True,False,38.873,"LINESTRING (-40.2712145 -8.9930428, -40.2712007 -8.9929534, -40.2712064 -8.9928818, -40.2712379 -8.9928118, -40.2713151 -8.9927315)"
455859996,,,trunk,True,False,15.147000000000002,"LINESTRING (-40.2713151 -8.9927315, -40.2713778 -8.9926852, -40.2714302 -8.9926571)"
300162610,BR-122;BR-428,,trunk,True,False,57.632000000000005,"LINESTRING (-40.2715662 -8.9934234, -40.2714626 -8.9932785, -40.2713352 -8.9931404, -40.2712145 -8.9930428)"
300162579,BR-122;BR-428,,trunk,True,False,32.994,"LINESTRING (-40.2718468 -8.9932977, -40.2718663 -8.9935938)"
455860000,,,trunk_link,True,False,43.582,"LINESTRING (-40.2718468 -8.9932977, -40.2718019 -8.9934035, -40.2717584 -8.9934559, -40.2716982 -8.993477, -40.271637 -8.9934731, -40.2715662 -8.9934234)"
300162579,BR-122;BR-428,,trunk,True,False,36.293,"LINESTRING (-40.2718174 -8.9929726, -40.2718468 -8.9932977)"
792795656,,Rua Ozanan Barros,tertiary,False,False,14.155,"LINESTRING (-40.2718174 -8.9929726, -40.2719454 -8.9929577)"
176768623,BR-122,Rodovia BR-122,trunk,False,True,23.906,"LINESTRING (-40.2717966 -8.9942124, -40.2718097 -8.994427)"
300162610,BR-122;BR-428,,trunk,True,False,63.173,"LINESTRING (-40.2717966 -8.9942124, -40.271752 -8.9939362, -40.2717153 -8.9937954, -40.2716625 -8.9936622)"
334859122,,Rua Mandacaru,residential,False,True,162.93399999999997,"LINESTRING (-40.2699373 -8.9963768, -40.2694004 -8.9958743, -40.2688798 -8.9954174, -40.2688362 -8.9953989)"
455558748,,Rua Leste,residential,False,False,51.795,"LINESTRING (-40.2699373 -8.9963768, -40.2698129 -8.9964749, -40.2697836 -8.9965057, -40.2697708 -8.9965384, -40.2697642 -8.9965757, -40.2697943 -8.9967668)"
455558748,,Rua Leste,residential,False,True,38.874,"LINESTRING (-40.2699373 -8.9963768, -40.2701154 -8.9962665, -40.2702382 -8.9961927)"
334876910,,Rua 7 de Setembro,residential,False,False,73.626,"LINESTRING (-40.2684148 -8.9929503, -40.2689464 -8.9925469)"
455558747,,Rua Padre Cícero,residential,False,False,65.294,"LINESTRING (-40.2684148 -8.9929503, -40.2688201 -8.9933799)"
455558747,,Rua Padre Cícero,residential,False,True,40.426,"LINESTRING (-40.2684148 -8.9929503, -40.2681799 -8.9926704)"
334876910,,Rua 7 de Setembro,residential,False,True,157.981,"LINESTRING (-40.2684148 -8.9929503, -40.2681266 -8.9931566, -40.2674698 -8.9935602, -40.2672285 -8.9937508)"
334859121,,Travessa Olimpio Angelim,residential,False,False,30.331,"LINESTRING (-40.2729982 -8.9891206, -40.2727246 -8.9891577)"
334859121,,Travessa Olimpio Angelim,residential,False,True,19.955,"LINESTRING (-40.2729982 -8.9891206, -40.2731779 -8.9890941)"
334859115,,Rua Santa Tereza,residential,False,True,285.642,"LINESTRING (-40.2729982 -8.9891206, -40.2731003 -8.9899001, -40.2733078 -8.9910537, -40.273417 -8.9915976, -40.2734113 -8.991654)"
455558752,,Rua Castro Alves,residential,False,True,74.439,"LINESTRING (-40.2714348 -8.9972519, -40.2713485 -8.9965879)"
455558768,,Rua dos Estudantes,residential,True,False,45.855,"LINESTRING (-40.2714348 -8.9972519, -40.2718483 -8.9971948)"
405237976,,,residential,False,True,32.941,"LINESTRING (-40.2759332 -8.9959437, -40.2760033 -8.9960759, -40.2760546 -8.9962139)"
455558770,,Travessa São Francisco,residential,False,False,212.235,"LINESTRING (-40.2759332 -8.9959437, -40.2756736 -8.9956009, -40.275254 -8.9949092, -40.2751279 -8.9946813, -40.2750474 -8.9945118, -40.2749519 -8.994305)"
334854845,,Travessa Santa Tereza,residential,False,False,53.62,"LINESTRING (-40.2734113 -8.991654, -40.2729239 -8.9916819)"
334854845,,Travessa Santa Tereza,residential,False,True,48.402,"LINESTRING (-40.2734113 -8.991654, -40.2738503 -8.9916157)"
334859115,,Rua Santa Tereza,residential,False,False,285.642,"LINESTRING (-40.2734113 -8.991654, -40.273417 -8.9915976, -40.2733078 -8.9910537, -40.2731003 -8.9899001, -40.2729982 -8.9891206)"
334859115,,Rua Santa Tereza,residential,False,True,127.711,"LINESTRING (-40.2734113 -8.991654, -40.2734021 -8.9917058, -40.273473 -8.9927995)"
405240732,,Rua Floriano Peixoto,residential,False,True,58.043,"LINESTRING (-40.2681799 -8.9926704, -40.2685084 -8.9922615)"
455558747,,Rua Padre Cícero,residential,False,False,40.426,"LINESTRING (-40.2681799 -8.9926704, -40.2684148 -8.9929503)"
"[455860003, 455558747]",,"['Rua Padre Cícero', 'Rua João Pessoa']",residential,False,"[False, True]",154.971,"LINESTRING (-40.2681799 -8.9926704, -40.2676152 -8.9921957, -40.267598 -8.9921342, -40.2675915 -8.9917583, -40.2675694 -8.9916452, -40.2675331 -8.9915451)"
334859127,,Rua Tiradentes,residential,False,True,64.294,"LINESTRING (-40.2691734 -8.9937634, -40.2696012 -8.9933687)"
455558747,,Rua Padre Cícero,residential,False,True,57.655,"LINESTRING (-40.2691734 -8.9937634, -40.2688201 -8.9933799)"
334859127,,Rua Tiradentes,residential,False,False,82.733,"LINESTRING (-40.2691734 -8.9937634, -40.2688942 -8.9940077, -40.2687732 -8.9941383, -40.2686548 -8.9942988)"
455558747,,Rua Padre Cícero,residential,False,False,145.725,"LINESTRING (-40.2691734 -8.9937634, -40.2693652 -8.9939886, -40.2697259 -8.9943966, -40.2700464 -8.9947502)"
334859122,,Rua Mandacaru,residential,False,True,101.597,"LINESTRING (-40.2681944 -8.9947696, -40.2675672 -8.994098)"
334859127,,Rua Tiradentes,residential,False,False,52.716,"LINESTRING (-40.2681944 -8.9947696, -40.267857 -8.9951068)"
334859122,,Rua Mandacaru,residential,False,False,99.67399999999999,"LINESTRING (-40.2681944 -8.9947696, -40.2687919 -8.995379, -40.2688362 -8.9953989)"
334859127,,Rua Tiradentes,residential,False,True,72.886,"LINESTRING (-40.2681944 -8.9947696, -40.2684726 -8.9945099, -40.2686548 -8.9942988)"
824176653,,,residential,False,False,10.075,"LINESTRING (-40.2719475 -8.9972557, -40.2720389 -8.997248)"
176768623,BR-122,Rodovia BR-122,trunk,False,False,154.051,"LINESTRING (-40.2719475 -8.9972557, -40.27192 -8.9967186, -40.2718905 -8.9960302, -40.2718821 -8.9958718)"
334876896,,Rua Xique Xique,residential,False,False,169.228,"LINESTRING (-40.2702382 -8.9961927, -40.2698882 -8.9957689, -40.2695516 -8.9953543, -40.2692686 -8.9950099)"
455558748,,Rua Leste,residential,False,False,38.874,"LINESTRING (-40.2702382 -8.9961927, -40.2701154 -8.9962665, -40.2699373 -8.9963768)"
455558748,,Rua Leste,residential,False,True,27.627000000000002,"LINESTRING (-40.2702382 -8.9961927, -40.270377 -8.9961464, -40.2704789 -8.9961212)"
455558748,,Rua Leste,residential,False,False,8.175,"LINESTRING (-40.2705525 -8.9961102, -40.2704789 -8.9961212)"
455558748,,Rua Leste,residential,False,True,41.176,"LINESTRING (-40.2705525 -8.9961102, -40.270925 -8.9960682)"
455558747,,Rua Padre Cícero,residential,False,True,161.393,"LINESTRING (-40.2705525 -8.9961102, -40.2704863 -8.9958987, -40.2703871 -8.995594, -40.2701846 -8.9950244, -40.2701215 -8.9948986, -40.2700464 -8.9947502)"
405238006,,Rua Ozanan Barros,tertiary,True,False,76.362,"LINESTRING (-40.273473 -8.9927995, -40.2741449 -8.9926229)"
334859115,,Rua Santa Tereza,residential,False,False,127.711,"LINESTRING (-40.273473 -8.9927995, -40.2734021 -8.9917058, -40.2734113 -8.991654)"
334854845,,Travessa Santa Tereza,residential,False,False,65.874,"LINESTRING (-40.2724598 -8.9917122, -40.2718605 -8.9917361)"
334854845,,Travessa Santa Tereza,residential,False,True,51.083,"LINESTRING (-40.2724598 -8.9917122, -40.2729239 -8.9916819)"
334876911,,Rua Olímpio Angelim,residential,False,True,140.879,"LINESTRING (-40.2724598 -8.9917122, -40.2725459 -8.9929763)"
334876911,,Rua Olímpio Angelim,residential,False,False,278.671,"LINESTRING (-40.2724598 -8.9917122, -40.2723894 -8.9908055, -40.2722352 -8.989216)"
455558767,,Rua Arakan,residential,True,False,158.425,"LINESTRING (-40.2760546 -8.9962139, -40.2747336 -8.9967862)"
405237976,,,residential,False,False,32.941,"LINESTRING (-40.2760546 -8.9962139, -40.2760033 -8.9960759, -40.2759332 -8.9959437)"
334859120,,Rua Arakan,residential,True,False,325.895,"LINESTRING (-40.2732337 -8.9971565, -40.2733429 -8.9971133, -40.2745517 -8.9965655, -40.2757448 -8.9960378, -40.275889 -8.9959775, -40.2759332 -8.9959437)"
405237978,,Avenida Antônio Germano,residential,False,False,12.902000000000001,"LINESTRING (-40.2732337 -8.9971565, -40.2732302 -8.9971067, -40.2732263 -8.9970407)"
334859121,,Travessa Olimpio Angelim,residential,False,False,67.893,"LINESTRING (-40.2722352 -8.989216, -40.2716196 -8.9892716)"
334859121,,Travessa Olimpio Angelim,residential,False,True,54.14,"LINESTRING (-40.2722352 -8.989216, -40.2727246 -8.9891577)"
334876911,,Rua Olímpio Angelim,residential,False,False,66.641,"LINESTRING (-40.2722352 -8.989216, -40.2721715 -8.98862)"
334876911,,Rua Olímpio Angelim,residential,False,True,278.671,"LINESTRING (-40.2722352 -8.989216, -40.2723894 -8.9908055, -40.2724598 -8.9917122)"
455558748,,Rua Leste,residential,False,False,40.869,"LINESTRING (-40.2712954 -8.9960329, -40.270925 -8.9960682)"
455558748,,Rua Leste,residential,False,True,42.468,"LINESTRING (-40.2712954 -8.9960329, -40.2716796 -8.9959897)"
455558752,,Rua Castro Alves,residential,False,False,61.988,"LINESTRING (-40.2712954 -8.9960329, -40.2713485 -8.9965879)"
334859117,,Rua São Benedito,residential,False,False,55.335,"LINESTRING (-40.2696012 -8.9933687, -40.2692842 -8.9929819)"
334859127,,Rua Tiradentes,residential,False,False,64.294,"LINESTRING (-40.2696012 -8.9933687, -40.2691734 -8.9937634)"
334859127,,Rua Tiradentes,residential,False,True,60.825,"LINESTRING (-40.2696012 -8.9933687, -40.2699928 -8.9929819)"
334859117,,Rua São Benedito,residential,False,True,147.353,"LINESTRING (-40.2696012 -8.9933687, -40.2698144 -8.9936376, -40.2701135 -8.994023, -40.2704139 -8.994423)"
405237975,,Avenida Hélio Ferreira Lima,residential,False,False,123.789,"LINESTRING (-40.2755632 -8.9933697, -40.2749519 -8.994305)"
455558772,,Rua São Gonçalo,residential,False,True,91.128,"LINESTRING (-40.2755632 -8.9933697, -40.2747737 -8.9936218)"
405237975,,Avenida Hélio Ferreira Lima,residential,False,True,60.738,"LINESTRING (-40.2755632 -8.9933697, -40.2756831 -8.9931314, -40.2757676 -8.992864)"
405240735,,Rua do Juazeiro,residential,False,False,18.707,"LINESTRING (-40.2696428 -8.9969345, -40.2697179 -8.9970855)"
405240735,,Rua do Juazeiro,residential,False,True,131.343,"LINESTRING (-40.2696428 -8.9969345, -40.2695422 -8.9968272, -40.2691841 -8.9964351, -40.2690017 -8.9962417, -40.2688287 -8.9960695)"
405240739,,Rua Senador Marcos Freire,residential,False,True,27.243000000000002,"LINESTRING (-40.2696428 -8.9969345, -40.2696743 -8.9968497, -40.269687 -8.9968279, -40.2696984 -8.9968054, -40.2697353 -8.9967795, -40.2697943 -8.9967668)"
334859127,,Rua Tiradentes,residential,False,False,60.825,"LINESTRING (-40.2699928 -8.9929819, -40.2696012 -8.9933687)"
334859127,,Rua Tiradentes,residential,False,True,44.401,"LINESTRING (-40.2699928 -8.9929819, -40.2702774 -8.9926983)"
455558749,,Rua Princesa Isabel,residential,False,True,148.982,"LINESTRING (-40.2699928 -8.9929819, -40.2704126 -8.9934601, -40.2708826 -8.9939932)"
334876898,,Travessa São Francisco,residential,False,True,66.938,"LINESTRING (-40.2742428 -8.9954016, -40.2740547 -8.994829)"
405237975,,Avenida Hélio Ferreira Lima,residential,False,False,46.611,"LINESTRING (-40.2742428 -8.9954016, -40.2740242 -8.9957609)"
405237975,,Avenida Hélio Ferreira Lima,residential,False,True,111.231,"LINESTRING (-40.2742428 -8.9954016, -40.2747885 -8.9945589)"
334876898,,Travessa São Francisco,residential,False,False,51.43,"LINESTRING (-40.2735643 -8.9935425, -40.2737206 -8.9939785)"
334876898,,Travessa São Francisco,residential,False,True,61.556,"LINESTRING (-40.2735643 -8.9935425, -40.2733803 -8.9930196)"
455558774,,Rua São Francisco,residential,False,True,112.774,"LINESTRING (-40.2735643 -8.9935425, -40.2725853 -8.9938484)"
455558774,,Rua São Francisco,residential,False,False,127.16399999999999,"LINESTRING (-40.2735643 -8.9935425, -40.2741489 -8.9933369, -40.2746598 -8.9931726)"
334859117,,Rua São Benedito,residential,False,False,60.959,"LINESTRING (-40.2692842 -8.9929819, -40.2689464 -8.9925469)"
334859117,,Rua São Benedito,residential,False,True,55.335,"LINESTRING (-40.2692842 -8.9929819, -40.2696012 -8.9933687)"
455558746,,Rua Almir Filho,residential,False,False,67.503,"LINESTRING (-40.2692842 -8.9929819, -40.2688201 -8.9933799)"
334859126,,Rua Dom Pedro II,residential,False,False,54.34,"LINESTRING (-40.2700464 -8.9947502, -40.2704139 -8.994423)"
455558747,,Rua Padre Cícero,residential,False,False,161.39299999999997,"LINESTRING (-40.2700464 -8.9947502, -40.2701215 -8.9948986, -40.2701846 -8.9950244, -40.2703871 -8.995594, -40.2704863 -8.9958987, -40.2705525 -8.9961102)"
455558747,,Rua Padre Cícero,residential,False,True,145.72500000000002,"LINESTRING (-40.2700464 -8.9947502, -40.2697259 -8.9943966, -40.2693652 -8.9939886, -40.2691734 -8.9937634)"
334859126,,Rua Dom Pedro II,residential,False,False,70.241,"LINESTRING (-40.2704139 -8.994423, -40.2708826 -8.9939932)"
334859126,,Rua Dom Pedro II,residential,False,True,54.34,"LINESTRING (-40.2704139 -8.994423, -40.2700464 -8.9947502)"
334859117,,Rua São Benedito,residential,False,False,147.353,"LINESTRING (-40.2704139 -8.994423, -40.2701135 -8.994023, -40.2698144 -8.9936376, -40.2696012 -8.9933687)"
334859127,,Rua Tiradentes,residential,False,True,52.716,"LINESTRING (-40.267857 -8.9951068, -40.2681944 -8.9947696)"
405240735,,Rua do Juazeiro,residential,False,False,95.387,"LINESTRING (-40.267857 -8.9951068, -40.2684627 -8.9957216)"
405240735,,Rua do Juazeiro,residential,False,True,104.846,"LINESTRING (-40.267857 -8.9951068, -40.2672066 -8.9944166)"
334859126,,Rua Dom Pedro II,residential,False,False,50.336,"LINESTRING (-40.2708826 -8.9939932, -40.271221 -8.9936879)"
334859126,,Rua Dom Pedro II,residential,False,True,70.241,"LINESTRING (-40.2708826 -8.9939932, -40.2704139 -8.994423)"
455558749,,Rua Princesa Isabel,residential,False,False,148.982,"LINESTRING (-40.2708826 -8.9939932, -40.2704126 -8.9934601, -40.2699928 -8.9929819)"
455558746,,Rua Almir Filho,residential,False,True,67.503,"LINESTRING (-40.2688201 -8.9933799, -40.2692842 -8.9929819)"
455558747,,Rua Padre Cícero,residential,False,False,57.655,"LINESTRING (-40.2688201 -8.9933799, -40.2691734 -8.9937634)"
455558747,,Rua Padre Cícero,residential,False,True,65.294,"LINESTRING (-40.2688201 -8.9933799, -40.2684148 -8.9929503)"
334859123,,Travessa São Francisco,residential,False,True,51.491,"LINESTRING (-40.2747737 -8.9936218, -40.2746598 -8.9931726)"
455558772,,Rua São Gonçalo,residential,False,False,91.128,"LINESTRING (-40.2747737 -8.9936218, -40.2755632 -8.9933697)"
455558772,,Rua São Gonçalo,residential,False,True,4.779,"LINESTRING (-40.2747737 -8.9936218, -40.274733 -8.993637)"
405240735,,Rua do Juazeiro,residential,False,True,40.089,"LINESTRING (-40.2697635 -8.9974432, -40.2697179 -8.9970855)"
455558768,,Rua dos Estudantes,residential,True,False,118.481,"LINESTRING (-40.2697635 -8.9974432, -40.2708357 -8.9973255)"
334876899,,Rua Aurora,residential,False,True,181.82399999999998,"LINESTRING (-40.2697635 -8.9974432, -40.2696066 -8.9973862, -40.2695248 -8.9973504, -40.2694604 -8.9973027, -40.2693625 -8.9972047, -40.2692337 -8.9970696, -40.2688985 -8.9967292, -40.268696 -8.9965345, -40.2685404 -8.9963702)"
334876898,,Travessa São Francisco,residential,False,False,49.531,"LINESTRING (-40.2739008 -8.9944103, -40.2740547 -8.994829)"
334876898,,Travessa São Francisco,residential,False,True,51.933,"LINESTRING (-40.2739008 -8.9944103, -40.2737206 -8.9939785)"
455558773,,Rua São José,residential,False,False,148.288,"LINESTRING (-40.2739008 -8.9944103, -40.2726264 -8.9948508)"
455558773,,Rua São José,residential,False,True,112.93,"LINESTRING (-40.2739008 -8.9944103, -40.2748635 -8.9940535)"
334876911,,Rua Olímpio Angelim,residential,False,False,140.879,"LINESTRING (-40.2725459 -8.9929763, -40.2724598 -8.9917122)"
405238006,,Rua Ozanan Barros,tertiary,True,False,52.956,"LINESTRING (-40.2725459 -8.9929763, -40.273026 -8.9929322)"
792795656,,Rua Ozanan Barros,tertiary,False,True,65.984,"LINESTRING (-40.2725459 -8.9929763, -40.2719454 -8.9929577)"
792795657,,Rua Tancredo Neves,tertiary,False,True,36.122,"LINESTRING (-40.2725459 -8.9929763, -40.2725559 -8.993301)"
455558771,,Rua Tancredo Neves,residential,False,False,57.869,"LINESTRING (-40.2726009 -8.9943686, -40.2725853 -8.9938484)"
455558771,,Rua Tancredo Neves,residential,False,True,53.691,"LINESTRING (-40.2726009 -8.9943686, -40.2726264 -8.9948508)"
455558772,,Rua São Gonçalo,residential,False,False,130.4,"LINESTRING (-40.2726009 -8.9943686, -40.2737206 -8.9939785)"
334859122,,Rua Mandacaru,residential,False,False,101.597,"LINESTRING (-40.2675672 -8.994098, -40.2681944 -8.9947696)"
334859122,,Rua Mandacaru,residential,False,True,53.612,"LINESTRING (-40.2675672 -8.994098, -40.2672285 -8.9937508)"
455558745,,Travessa Mandacaru,residential,False,True,53.137,"LINESTRING (-40.2675672 -8.994098, -40.2672066 -8.9944166)"
334876898,,Travessa São Francisco,residential,False,False,51.933,"LINESTRING (-40.2737206 -8.9939785, -40.2739008 -8.9944103)"
334876898,,Travessa São Francisco,residential,False,True,51.43,"LINESTRING (-40.2737206 -8.9939785, -40.2735643 -8.9935425)"
455558772,,Rua São Gonçalo,residential,False,False,117.495,"LINESTRING (-40.2737206 -8.9939785, -40.274733 -8.993637)"
455558772,,Rua São Gonçalo,residential,False,True,130.4,"LINESTRING (-40.2737206 -8.9939785, -40.2726009 -8.9943686)"
455558762,,Rua Agamenon Magalhães,residential,False,False,27.74,"LINESTRING (-40.2728383 -8.9974579, -40.2728266 -8.9972087)"
455558767,,Rua Arakan,residential,True,False,71.959,"LINESTRING (-40.2728383 -8.9974579, -40.2726893 -8.9974635, -40.2721838 -8.9974877)"
334876904,,Rua Chile,residential,False,True,142.611,"LINESTRING (-40.2697179 -8.9970855, -40.2710064 -8.9969266)"
405240735,,Rua do Juazeiro,residential,False,False,40.089,"LINESTRING (-40.2697179 -8.9970855, -40.2697635 -8.9974432)"
405240735,,Rua do Juazeiro,residential,False,True,18.707,"LINESTRING (-40.2697179 -8.9970855, -40.2696428 -8.9969345)"
334876900,,Rua do Cajueiro,residential,False,True,54.5,"LINESTRING (-40.2684627 -8.9957216, -40.2688362 -8.9953989)"
405240735,,Rua do Juazeiro,residential,False,True,95.387,"LINESTRING (-40.2684627 -8.9957216, -40.267857 -8.9951068)"
405240735,,Rua do Juazeiro,residential,False,False,55.803,"LINESTRING (-40.2684627 -8.9957216, -40.2686839 -8.9959397, -40.2688287 -8.9960695)"
334876900,,Rua do Cajueiro,residential,False,False,54.5,"LINESTRING (-40.2688362 -8.9953989, -40.2684627 -8.9957216)"
334876900,,Rua do Cajueiro,residential,False,True,64.236,"LINESTRING (-40.2688362 -8.9953989, -40.2692686 -8.9950099)"
334859122,,Rua Mandacaru,residential,False,False,162.934,"LINESTRING (-40.2688362 -8.9953989, -40.2688798 -8.9954174, -40.2694004 -8.9958743, -40.2699373 -8.9963768)"
334859122,,Rua Mandacaru,residential,False,True,99.67399999999999,"LINESTRING (-40.2688362 -8.9953989, -40.2687919 -8.995379, -40.2681944 -8.9947696)"
334859122,,Rua Mandacaru,residential,False,False,53.612,"LINESTRING (-40.2672285 -8.9937508, -40.2675672 -8.994098)"
334876910,,Rua 7 de Setembro,residential,False,False,157.981,"LINESTRING (-40.2672285 -8.9937508, -40.2674698 -8.9935602, -40.2681266 -8.9931566, -40.2684148 -8.9929503)"
455739318,,Travessa Henrique Coelho,residential,False,False,121.547,"LINESTRING (-40.2693137 -8.9904191, -40.2688251 -8.9913999)"
334876895,,Rua José Ricardo,residential,False,True,160.674,"LINESTRING (-40.2693137 -8.9904191, -40.2702269 -8.9913173, -40.270362 -8.9914259)"
455739318,,Travessa Henrique Coelho,residential,False,True,83.731,"LINESTRING (-40.2693137 -8.9904191, -40.269367 -8.9903601, -40.2697686 -8.989991, -40.2698848 -8.9899256)"
334876895,,Rua José Ricardo,residential,False,True,64.53,"LINESTRING (-40.270362 -8.9914259, -40.2707981 -8.9918148)"
405240723,,Rua José Ricardo,residential,False,True,46.785,"LINESTRING (-40.270362 -8.9914259, -40.2707377 -8.9912276)"
334876895,,Rua José Ricardo,residential,False,False,160.674,"LINESTRING (-40.270362 -8.9914259, -40.2702269 -8.9913173, -40.2693137 -8.9904191)"
455739319,,Rua Rui Barbosa,residential,False,True,174.87900000000002,"LINESTRING (-40.270362 -8.9914259, -40.2703093 -8.9912385, -40.2698848 -8.9899256)"
334876895,,Rua José Ricardo,residential,False,False,64.53,"LINESTRING (-40.2707981 -8.9918148, -40.270362 -8.9914259)"
334876895,,Rua José Ricardo,residential,False,True,113.231,"LINESTRING (-40.2707981 -8.9918148, -40.2715566 -8.9925045)"
334876901,,Rua Zeferino Gomes,residential,False,True,65.63,"LINESTRING (-40.2707981 -8.9918148, -40.2707377 -8.9912276)"
455558740,,,residential,False,True,73.158,"LINESTRING (-40.2707981 -8.9918148, -40.2703726 -8.992321)"
334876906,,Travessa Zefinho Gomes,residential,False,True,67.077,"LINESTRING (-40.2698177 -8.989714, -40.2703934 -8.9895126)"
455739319,,Rua Rui Barbosa,residential,False,False,24.656,"LINESTRING (-40.2698177 -8.989714, -40.2698848 -8.9899256)"
455739319,,Rua Rui Barbosa,residential,False,True,52.843,"LINESTRING (-40.2698177 -8.989714, -40.2696812 -8.9892583)"
334876904,,Rua Chile,residential,False,False,142.611,"LINESTRING (-40.2710064 -8.9969266, -40.2697179 -8.9970855)"
405240737,,Rua São José,residential,False,False,41.827,"LINESTRING (-40.2710064 -8.9969266, -40.2710549 -8.9972997)"
405240737,,Rua São José,residential,False,True,33.762,"LINESTRING (-40.2710064 -8.9969266, -40.2709727 -8.9966248)"
334876896,,Rua Xique Xique,residential,False,False,103.907,"LINESTRING (-40.2692686 -8.9950099, -40.2686548 -8.9942988)"
334876900,,Rua do Cajueiro,residential,False,False,64.236,"LINESTRING (-40.2692686 -8.9950099, -40.2688362 -8.9953989)"
334876896,,Rua Xique Xique,residential,False,True,169.228,"LINESTRING (-40.2692686 -8.9950099, -40.2695516 -8.9953543, -40.2698882 -8.9957689, -40.2702382 -8.9961927)"
334876901,,Rua Zeferino Gomes,residential,False,False,50.929,"LINESTRING (-40.2703081 -8.9890624, -40.2703934 -8.9895126)"
405240726,,Travessa Zeferino Gomes,residential,False,False,72.216,"LINESTRING (-40.2703081 -8.9890624, -40.2696812 -8.9892583)"
334876901,,Rua Zeferino Gomes,residential,False,True,50.929,"LINESTRING (-40.2703934 -8.9895126, -40.2703081 -8.9890624)"
334876906,,Travessa Zefinho Gomes,residential,False,False,67.077,"LINESTRING (-40.2703934 -8.9895126, -40.2698177 -8.989714)"
334876906,,Travessa Zefinho Gomes,residential,False,True,86.373,"LINESTRING (-40.2703934 -8.9895126, -40.2711431 -8.989278)"
334876901,,Rua Zeferino Gomes,residential,False,False,194.76500000000001,"LINESTRING (-40.2703934 -8.9895126, -40.2706469 -8.9909712, -40.2707377 -8.9912276)"
455558767,,Rua Arakan,residential,True,False,66.91399999999999,"LINESTRING (-40.2734387 -8.9973772, -40.2732858 -8.9974225, -40.2730616 -8.9974527, -40.2728383 -8.9974579)"
405237974,,Avenida Nilo Coelho,residential,False,True,27.114,"LINESTRING (-40.2721838 -8.9974877, -40.2721794 -8.9972439)"
334859120,,Rua Arakan,residential,True,False,8.028,"LINESTRING (-40.2727535 -8.9972084, -40.2728266 -8.9972087)"
455558771,,Rua Tancredo Neves,residential,False,False,151.222,"LINESTRING (-40.2727535 -8.9972084, -40.2727179 -8.9965133, -40.2726701 -8.995851)"
455558762,,Rua Agamenon Magalhães,residential,False,True,27.74,"LINESTRING (-40.2728266 -8.9972087, -40.2728383 -8.9974579)"
334859120,,Rua Arakan,residential,True,False,45.145999999999994,"LINESTRING (-40.2728266 -8.9972087, -40.2730096 -8.9971902, -40.2730961 -8.9971822, -40.2731578 -8.9971743, -40.2732337 -8.9971565)"
334859120,,Rua Arakan,residential,True,False,63.175,"LINESTRING (-40.2721794 -8.9972439, -40.2727535 -8.9972084)"
405237974,,Avenida Nilo Coelho,residential,False,False,27.114,"LINESTRING (-40.2721794 -8.9972439, -40.2721838 -8.9974877)"
405237974,,Avenida Nilo Coelho,residential,False,True,152.809,"LINESTRING (-40.2721794 -8.9972439, -40.2721074 -8.9958715)"
824176653,,,residential,False,True,15.437,"LINESTRING (-40.2721794 -8.9972439, -40.2720389 -8.997248)"
405237974,,Avenida Nilo Coelho,residential,False,False,152.809,"LINESTRING (-40.2721074 -8.9958715, -40.2721794 -8.9972439)"
405237979,,Rua Doutor Ricardo,residential,False,False,15.069,"LINESTRING (-40.2721074 -8.9958715, -40.2719702 -8.9958727)"
405237979,,Rua Doutor Ricardo,residential,False,True,61.842,"LINESTRING (-40.2721074 -8.9958715, -40.2726701 -8.995851)"
405237974,,Avenida Nilo Coelho,residential,False,True,324.509,"LINESTRING (-40.2721074 -8.9958715, -40.2720938 -8.9954488, -40.2720498 -8.994718, -40.2720039 -8.9938292, -40.2719454 -8.9929577)"
405237979,,Rua Doutor Ricardo,residential,False,False,64.097,"LINESTRING (-40.2732503 -8.9957887, -40.2726701 -8.995851)"
405237979,,Rua Doutor Ricardo,residential,False,True,85.052,"LINESTRING (-40.2732503 -8.9957887, -40.2740242 -8.9957609)"
405237978,,Avenida Antônio Germano,residential,False,True,139.248,"LINESTRING (-40.2732503 -8.9957887, -40.2732383 -8.9963358, -40.2732262 -8.9967941, -40.2732263 -8.9970407)"
405237975,,Avenida Hélio Ferreira Lima,residential,False,True,46.611,"LINESTRING (-40.2740242 -8.9957609, -40.2742428 -8.9954016)"
405237979,,Rua Doutor Ricardo,residential,False,False,85.052,"LINESTRING (-40.2740242 -8.9957609, -40.2732503 -8.9957887)"
405237975,,Avenida Hélio Ferreira Lima,residential,False,False,75.031,"LINESTRING (-40.2740242 -8.9957609, -40.273874 -8.9959954, -40.2736688 -8.9963371)"
405237979,,Rua Doutor Ricardo,residential,False,False,61.842,"LINESTRING (-40.2726701 -8.995851, -40.2721074 -8.9958715)"
405237979,,Rua Doutor Ricardo,residential,False,True,64.097,"LINESTRING (-40.2726701 -8.995851, -40.2732503 -8.9957887)"
455558771,,Rua Tancredo Neves,residential,False,False,111.321,"LINESTRING (-40.2726701 -8.995851, -40.2726264 -8.9948508)"
455558771,,Rua Tancredo Neves,residential,False,True,151.222,"LINESTRING (-40.2726701 -8.995851, -40.2727179 -8.9965133, -40.2727535 -8.9972084)"
455558771,,Rua Tancredo Neves,residential,False,False,60.954,"LINESTRING (-40.2725853 -8.9938484, -40.2725559 -8.993301)"
455558771,,Rua Tancredo Neves,residential,False,True,57.869,"LINESTRING (-40.2725853 -8.9938484, -40.2726009 -8.9943686)"
455558774,,Rua São Francisco,residential,False,False,112.774,"LINESTRING (-40.2725853 -8.9938484, -40.2735643 -8.9935425)"
405237983,,Rua Helio Ferreira Maia,residential,False,True,85.238,"LINESTRING (-40.275781 -8.9921712, -40.2756346 -8.9914184)"
405237984,,Rua Ozanan Barros,tertiary,True,False,58.029,"LINESTRING (-40.2757782 -8.9923187, -40.2752712 -8.9924656)"
455558780,,Rua Sem Denominação,residential,False,False,28.324,"LINESTRING (-40.2757782 -8.9923187, -40.2758404 -8.9925659)"
334859123,,Travessa São Francisco,residential,False,False,56.182,"LINESTRING (-40.274514 -8.9926883, -40.2746598 -8.9931726)"
405237984,,Rua Ozanan Barros,tertiary,True,False,129.848,"LINESTRING (-40.274514 -8.9926883, -40.2733803 -8.9930196)"
334876898,,Travessa São Francisco,residential,False,False,61.556,"LINESTRING (-40.2733803 -8.9930196, -40.2735643 -8.9935425)"
405237984,,Rua Ozanan Barros,tertiary,True,False,95.797,"LINESTRING (-40.2733803 -8.9930196, -40.2725559 -8.993301)"
455558771,,Rua Tancredo Neves,residential,False,True,60.954,"LINESTRING (-40.2725559 -8.993301, -40.2725853 -8.9938484)"
792795657,,Rua Tancredo Neves,tertiary,False,False,36.122,"LINESTRING (-40.2725559 -8.993301, -40.2725459 -8.9929763)"
405237985,,Rua Oda Pedrosa Reis,residential,False,False,139.479,"LINESTRING (-40.273026 -8.9929322, -40.2729239 -8.9916819)"
405238006,,Rua Ozanan Barros,tertiary,True,False,51.635999999999996,"LINESTRING (-40.273026 -8.9929322, -40.2732694 -8.992889, -40.273473 -8.9927995)"
334854845,,Travessa Santa Tereza,residential,False,False,51.083,"LINESTRING (-40.2729239 -8.9916819, -40.2724598 -8.9917122)"
334854845,,Travessa Santa Tereza,residential,False,True,53.62,"LINESTRING (-40.2729239 -8.9916819, -40.2734113 -8.991654)"
405237985,,Rua Oda Pedrosa Reis,residential,False,False,281.531,"LINESTRING (-40.2729239 -8.9916819, -40.2727246 -8.9891577)"
405237985,,Rua Oda Pedrosa Reis,residential,False,True,139.479,"LINESTRING (-40.2729239 -8.9916819, -40.273026 -8.9929322)"
334859121,,Travessa Olimpio Angelim,residential,False,False,54.14,"LINESTRING (-40.2727246 -8.9891577, -40.2722352 -8.989216)"
334859121,,Travessa Olimpio Angelim,residential,False,True,30.331,"LINESTRING (-40.2727246 -8.9891577, -40.2729982 -8.9891206)"
405237985,,Rua Oda Pedrosa Reis,residential,False,True,281.531,"LINESTRING (-40.2727246 -8.9891577, -40.2729239 -8.9916819)"
31534531,BR-122,Rodovia BR-122,trunk,False,True,5.918,"LINESTRING (-40.2716965 -8.9917389, -40.271698 -8.9917921)"
334854845,,Travessa Santa Tereza,residential,False,True,18.015,"LINESTRING (-40.2716965 -8.9917389, -40.2718605 -8.9917361)"
31534531,BR-122,Rodovia BR-122,trunk,False,False,102.729,"LINESTRING (-40.2716965 -8.9917389, -40.2716623 -8.9913321, -40.2716244 -8.9908178)"
405237987,,Travessa Ozanan Barros,residential,False,False,116.576,"LINESTRING (-40.2741449 -8.9926229, -40.2738503 -8.9916157)"
405238006,,Rua Ozanan Barros,tertiary,True,False,123.866,"LINESTRING (-40.2741449 -8.9926229, -40.2748342 -8.9924374, -40.2752338 -8.9923328)"
334859121,,Travessa Olimpio Angelim,residential,False,False,19.955,"LINESTRING (-40.2731779 -8.9890941, -40.2729982 -8.9891206)"
405237987,,Travessa Ozanan Barros,residential,False,True,289.952,"LINESTRING (-40.2731779 -8.9890941, -40.2738503 -8.9916157)"
334859121,,Travessa Olimpio Angelim,residential,False,True,135.6,"LINESTRING (-40.2731779 -8.9890941, -40.2740496 -8.9889908, -40.2744037 -8.9889484)"
405237988,,Rua Ozanan Barros,residential,False,False,156.698,"LINESTRING (-40.2752338 -8.9923328, -40.2749443 -8.9909529)"
405237988,,Rua Ozanan Barros,residential,False,True,15.327,"LINESTRING (-40.2752338 -8.9923328, -40.2752712 -8.9924656)"
405238006,,Rua Ozanan Barros,tertiary,True,False,62.727,"LINESTRING (-40.2752338 -8.9923328, -40.275781 -8.9921712)"
334859121,,Travessa Olimpio Angelim,residential,False,True,62.106,"LINESTRING (-40.2744037 -8.9889484, -40.274967 -8.9888994)"
405237988,,Rua Ozanan Barros,residential,False,True,187.579,"LINESTRING (-40.2744037 -8.9889484, -40.2748467 -8.9905776)"
334859121,,Travessa Olimpio Angelim,residential,False,False,135.6,"LINESTRING (-40.2744037 -8.9889484, -40.2740496 -8.9889908, -40.2731779 -8.9890941)"
334859121,,Travessa Olimpio Angelim,residential,False,False,62.106,"LINESTRING (-40.274967 -8.9888994, -40.2744037 -8.9889484)"
405237983,,Rua Helio Ferreira Maia,residential,False,False,79.123,"LINESTRING (-40.274967 -8.9888994, -40.2751584 -8.9895854)"
334854845,,Travessa Santa Tereza,residential,False,False,48.402,"LINESTRING (-40.2738503 -8.9916157, -40.2734113 -8.991654)"
405237987,,Travessa Ozanan Barros,residential,False,False,289.952,"LINESTRING (-40.2738503 -8.9916157, -40.2731779 -8.9890941)"
405237987,,Travessa Ozanan Barros,residential,False,True,116.576,"LINESTRING (-40.2738503 -8.9916157, -40.2741449 -8.9926229)"
334859121,,Travessa Olimpio Angelim,residential,False,True,67.893,"LINESTRING (-40.2716196 -8.9892716, -40.2722352 -8.989216)"
405237989,,Rua B,residential,False,False,25.693,"LINESTRING (-40.2716196 -8.9892716, -40.2715565 -8.9890491)"
405237989,,Rua B,residential,False,True,275.548,"LINESTRING (-40.2716196 -8.9892716, -40.2716678 -8.9895047, -40.2717402 -8.9900947, -40.2718028 -8.9908064, -40.2718605 -8.9917361)"
405237983,,Rua Helio Ferreira Maia,residential,False,False,85.238,"LINESTRING (-40.2756346 -8.9914184, -40.275781 -8.9921712)"
405237983,,Rua Helio Ferreira Maia,residential,False,True,28.491,"LINESTRING (-40.2756346 -8.9914184, -40.2755718 -8.9911698)"
405237983,,Rua Helio Ferreira Maia,residential,False,False,56.806,"LINESTRING (-40.2751584 -8.9895854, -40.2752859 -8.9900805)"
405237983,,Rua Helio Ferreira Maia,residential,False,True,79.123,"LINESTRING (-40.2751584 -8.9895854, -40.274967 -8.9888994)"
405237983,,Rua Helio Ferreira Maia,residential,False,False,13.31,"LINESTRING (-40.2753769 -8.9904337, -40.2754072 -8.9905496)"
405237983,,Rua Helio Ferreira Maia,residential,False,True,40.526,"LINESTRING (-40.2753769 -8.9904337, -40.2752859 -8.9900805)"
405238005,,,residential,False,False,60.39,"LINESTRING (-40.2753769 -8.9904337, -40.2748467 -8.9905776)"
405237988,,Rua Ozanan Barros,residential,False,False,187.579,"LINESTRING (-40.2748467 -8.9905776, -40.2744037 -8.9889484)"
405237988,,Rua Ozanan Barros,residential,False,True,43.086,"LINESTRING (-40.2748467 -8.9905776, -40.2749443 -8.9909529)"
405238005,,,residential,False,True,60.39,"LINESTRING (-40.2748467 -8.9905776, -40.2753769 -8.9904337)"
334876906,,Travessa Zefinho Gomes,residential,False,False,86.373,"LINESTRING (-40.2711431 -8.989278, -40.2703934 -8.9895126)"
334876906,,Travessa Zefinho Gomes,residential,False,True,19.445,"LINESTRING (-40.2711431 -8.989278, -40.2713138 -8.9892316)"
405240727,,Avenida Nilo Coelho,residential,False,True,184.934,"LINESTRING (-40.2711431 -8.989278, -40.2712306 -8.9898067, -40.2712789 -8.99022, -40.2713632 -8.9909265)"
405240723,,Rua José Ricardo,residential,False,False,76.422,"LINESTRING (-40.2713632 -8.9909265, -40.2707377 -8.9912276)"
405240723,,Rua José Ricardo,residential,False,True,31.13,"LINESTRING (-40.2713632 -8.9909265, -40.2716244 -8.9908178)"
405240727,,Avenida Nilo Coelho,residential,False,False,184.934,"LINESTRING (-40.2713632 -8.9909265, -40.2712789 -8.99022, -40.2712306 -8.9898067, -40.2711431 -8.989278)"
334876901,,Rua Zeferino Gomes,residential,False,False,65.63,"LINESTRING (-40.2707377 -8.9912276, -40.2707981 -8.9918148)"
405240723,,Rua José Ricardo,residential,False,False,46.785,"LINESTRING (-40.2707377 -8.9912276, -40.270362 -8.9914259)"
405240723,,Rua José Ricardo,residential,False,True,76.422,"LINESTRING (-40.2707377 -8.9912276, -40.2713632 -8.9909265)"
334876901,,Rua Zeferino Gomes,residential,False,True,194.76500000000001,"LINESTRING (-40.2707377 -8.9912276, -40.2706469 -8.9909712, -40.2703934 -8.9895126)"
455739319,,Rua Rui Barbosa,residential,False,True,24.656,"LINESTRING (-40.2698848 -8.9899256, -40.2698177 -8.989714)"
455739318,,Travessa Henrique Coelho,residential,False,False,83.731,"LINESTRING (-40.2698848 -8.9899256, -40.2697686 -8.989991, -40.269367 -8.9903601, -40.2693137 -8.9904191)"
455739319,,Rua Rui Barbosa,residential,False,False,174.87900000000002,"LINESTRING (-40.2698848 -8.9899256, -40.2703093 -8.9912385, -40.270362 -8.9914259)"
405240726,,Travessa Zeferino Gomes,residential,False,False,22.5,"LINESTRING (-40.2696812 -8.9892583, -40.2694853 -8.9893175)"
405240726,,Travessa Zeferino Gomes,residential,False,True,72.216,"LINESTRING (-40.2696812 -8.9892583, -40.2703081 -8.9890624)"
455739319,,Rua Rui Barbosa,residential,False,False,52.843,"LINESTRING (-40.2696812 -8.9892583, -40.2698177 -8.989714)"
334859127,,Rua Tiradentes,residential,False,False,44.401,"LINESTRING (-40.2702774 -8.9926983, -40.2699928 -8.9929819)"
405240730,,Avenida Nilo Coelho,residential,False,False,109.376,"LINESTRING (-40.2702774 -8.9926983, -40.2694318 -8.9921787)"
405240730,,Avenida Nilo Coelho,residential,False,True,157.95100000000002,"LINESTRING (-40.2702774 -8.9926983, -40.2709767 -8.9931434, -40.2710428 -8.9932327, -40.2710781 -8.9933115, -40.271221 -8.9936879)"
405240730,,Avenida Nilo Coelho,residential,False,False,62.406,"LINESTRING (-40.2688535 -8.9918333, -40.268364 -8.9915483)"
405240730,,Avenida Nilo Coelho,residential,False,True,74.223,"LINESTRING (-40.2688535 -8.9918333, -40.2694318 -8.9921787)"
405240732,,Rua Floriano Peixoto,residential,False,False,60.857,"LINESTRING (-40.2688535 -8.9918333, -40.2685084 -8.9922615)"
334876910,,Rua 7 de Setembro,residential,False,True,67.218,"LINESTRING (-40.2694318 -8.9921787, -40.2689464 -8.9925469)"
405240730,,Avenida Nilo Coelho,residential,False,False,74.223,"LINESTRING (-40.2694318 -8.9921787, -40.2688535 -8.9918333)"
405240730,,Avenida Nilo Coelho,residential,False,True,109.376,"LINESTRING (-40.2694318 -8.9921787, -40.2702774 -8.9926983)"
334859117,,Rua São Benedito,residential,False,True,60.959,"LINESTRING (-40.2689464 -8.9925469, -40.2692842 -8.9929819)"
334876910,,Rua 7 de Setembro,residential,False,False,67.218,"LINESTRING (-40.2689464 -8.9925469, -40.2694318 -8.9921787)"
334876910,,Rua 7 de Setembro,residential,False,True,73.626,"LINESTRING (-40.2689464 -8.9925469, -40.2684148 -8.9929503)"
405240732,,Rua Floriano Peixoto,residential,False,False,58.043,"LINESTRING (-40.2685084 -8.9922615, -40.2681799 -8.9926704)"
405240732,,Rua Floriano Peixoto,residential,False,True,60.857,"LINESTRING (-40.2685084 -8.9922615, -40.2688535 -8.9918333)"
405240734,,Rua Justino Santos,residential,False,False,133.49,"LINESTRING (-40.2685084 -8.9922615, -40.2675331 -8.9915451)"
405240734,,Rua Justino Santos,residential,False,True,133.49,"LINESTRING (-40.2675331 -8.9915451, -40.2685084 -8.9922615)"
"[405240730, 455860003]",,"['Avenida Nilo Coelho', 'Rua João Pessoa']",residential,False,"[False, True]",120.036,"LINESTRING (-40.2675331 -8.9915451, -40.2675337 -8.9914698, -40.2675602 -8.9914198, -40.2677259 -8.9912491, -40.2677798 -8.9912406, -40.2678323 -8.9912479, -40.268364 -8.9915483)"
"[455558747, 455860003]",,"['Rua Padre Cícero', 'Rua João Pessoa']",residential,False,"[False, True]",154.971,"LINESTRING (-40.2675331 -8.9915451, -40.2675694 -8.9916452, -40.2675915 -8.9917583, -40.267598 -8.9921342, -40.2676152 -8.9921957, -40.2681799 -8.9926704)"
405240737,,Rua São José,residential,False,False,46.387,"LINESTRING (-40.270925 -8.9960682, -40.2709579 -8.9964841)"
455558748,,Rua Leste,residential,False,False,41.176,"LINESTRING (-40.270925 -8.9960682, -40.2705525 -8.9961102)"
455558748,,Rua Leste,residential,False,True,40.869,"LINESTRING (-40.270925 -8.9960682, -40.2712954 -8.9960329)"
405240737,,Rua São José,residential,False,True,41.827,"LINESTRING (-40.2710549 -8.9972997, -40.2710064 -8.9969266)"
455558768,,Rua dos Estudantes,residential,True,False,42.06,"LINESTRING (-40.2710549 -8.9972997, -40.2714348 -8.9972519)"
405240737,,Rua São José,residential,False,False,33.762,"LINESTRING (-40.2709727 -8.9966248, -40.2710064 -8.9969266)"
405240737,,Rua São José,residential,False,True,15.729,"LINESTRING (-40.2709727 -8.9966248, -40.2709579 -8.9964841)"
405240738,,Rua José Henrique de Lima,residential,False,False,41.476,"LINESTRING (-40.2709727 -8.9966248, -40.2713485 -8.9965879)"
405240738,,Rua José Henrique de Lima,residential,False,False,44.837,"LINESTRING (-40.2713485 -8.9965879, -40.2717533 -8.9965356)"
405240738,,Rua José Henrique de Lima,residential,False,True,41.476,"LINESTRING (-40.2713485 -8.9965879, -40.2709727 -8.9966248)"
455558752,,Rua Castro Alves,residential,False,False,74.439,"LINESTRING (-40.2713485 -8.9965879, -40.2714348 -8.9972519)"
455558752,,Rua Castro Alves,residential,False,True,61.988,"LINESTRING (-40.2713485 -8.9965879, -40.2712954 -8.9960329)"
405240730,,Avenida Nilo Coelho,residential,False,False,10.602,"LINESTRING (-40.2718184 -8.996606, -40.2717533 -8.9965356)"
455558751,,Avenida Nilo Coelho,secondary,True,False,72.169,"LINESTRING (-40.2718184 -8.996606, -40.2717948 -8.9960326, -40.2717919 -8.9959575)"
405240737,,Rua São José,residential,False,False,15.729,"LINESTRING (-40.2709579 -8.9964841, -40.2709727 -8.9966248)"
405240737,,Rua São José,residential,False,True,46.387,"LINESTRING (-40.2709579 -8.9964841, -40.270925 -8.9960682)"
405240739,,Rua Senador Marcos Freire,residential,False,False,48.253,"LINESTRING (-40.2709579 -8.9964841, -40.2705208 -8.996528)"
405240741,,Rua Sem Denominação,residential,False,False,45.468,"LINESTRING (-40.2704789 -8.9961212, -40.2705208 -8.996528)"
455558748,,Rua Leste,residential,False,True,8.175,"LINESTRING (-40.2704789 -8.9961212, -40.2705525 -8.9961102)"
455558748,,Rua Leste,residential,False,False,27.627000000000002,"LINESTRING (-40.2704789 -8.9961212, -40.270377 -8.9961464, -40.2702382 -8.9961927)"
405240739,,Rua Senador Marcos Freire,residential,False,True,48.253,"LINESTRING (-40.2705208 -8.996528, -40.2709579 -8.9964841)"
405240741,,Rua Sem Denominação,residential,False,True,45.468,"LINESTRING (-40.2705208 -8.996528, -40.2704789 -8.9961212)"
405240739,,Rua Senador Marcos Freire,residential,False,False,88.088,"LINESTRING (-40.2705208 -8.996528, -40.2702718 -8.9965618, -40.2701928 -8.9965778, -40.270141 -8.9966049, -40.2700518 -8.9967183, -40.2700119 -8.9967431, -40.2697943 -8.9967668)"
429345586,,Avenida Nilo Coelho,secondary,True,False,92.497,"LINESTRING (-40.2718663 -8.9935938, -40.2719064 -8.9944247)"
300162579,BR-122;BR-428,,trunk,True,False,69.259,"LINESTRING (-40.2718663 -8.9935938, -40.2718305 -8.9938177, -40.2718115 -8.993995, -40.2717966 -8.9942124)"
405237979,,Rua Doutor Ricardo,residential,False,False,9.676,"LINESTRING (-40.2719702 -8.9958727, -40.2718821 -8.9958718)"
405237979,,Rua Doutor Ricardo,residential,False,True,15.069,"LINESTRING (-40.2719702 -8.9958727, -40.2721074 -8.9958715)"
429345586,,Avenida Nilo Coelho,secondary,True,False,153.113,"LINESTRING (-40.2719702 -8.9958727, -40.2719765 -8.9960268, -40.2720114 -8.9967012, -40.2720389 -8.997248)"
455558739,,Rua João Pessoa,residential,False,True,52.614,"LINESTRING (-40.2684123 -8.9911598, -40.2688251 -8.9913999)"
455558739,,Rua João Pessoa,residential,False,False,52.614,"LINESTRING (-40.2688251 -8.9913999, -40.2684123 -8.9911598)"
455558739,,Rua João Pessoa,residential,False,True,198.435,"LINESTRING (-40.2688251 -8.9913999, -40.2703726 -8.992321)"
455739318,,Travessa Henrique Coelho,residential,False,True,121.547,"LINESTRING (-40.2688251 -8.9913999, -40.2693137 -8.9904191)"
455558739,,Rua João Pessoa,residential,False,False,198.435,"LINESTRING (-40.2703726 -8.992321, -40.2688251 -8.9913999)"
455558739,,Rua João Pessoa,residential,False,True,102.093,"LINESTRING (-40.2703726 -8.992321, -40.2711804 -8.9927753)"
455558740,,,residential,False,False,73.158,"LINESTRING (-40.2703726 -8.992321, -40.2707981 -8.9918148)"
334854845,,Travessa Santa Tereza,residential,False,False,18.015,"LINESTRING (-40.2718605 -8.9917361, -40.2716965 -8.9917389)"
334854845,,Travessa Santa Tereza,residential,False,True,65.874,"LINESTRING (-40.2718605 -8.9917361, -40.2724598 -8.9917122)"
405237974,,Avenida Nilo Coelho,residential,False,False,136.156,"LINESTRING (-40.2718605 -8.9917361, -40.2719454 -8.9929577)"
405237989,,Rua B,residential,False,False,275.548,"LINESTRING (-40.2718605 -8.9917361, -40.2718028 -8.9908064, -40.2717402 -8.9900947, -40.2716678 -8.9895047, -40.2716196 -8.9892716)"
405237974,,Avenida Nilo Coelho,residential,False,True,136.156,"LINESTRING (-40.2719454 -8.9929577, -40.2718605 -8.9917361)"
792795656,,Rua Ozanan Barros,tertiary,False,False,65.984,"LINESTRING (-40.2719454 -8.9929577, -40.2725459 -8.9929763)"
792795656,,Rua Ozanan Barros,tertiary,False,True,14.155,"LINESTRING (-40.2719454 -8.9929577, -40.2718174 -8.9929726)"
405237974,,Avenida Nilo Coelho,residential,False,False,324.509,"LINESTRING (-40.2719454 -8.9929577, -40.2720039 -8.9938292, -40.2720498 -8.994718, -40.2720938 -8.9954488, -40.2721074 -8.9958715)"
176768623,BR-122,Rodovia BR-122,trunk,False,False,160.851,"LINESTRING (-40.2718821 -8.9958718, -40.2718097 -8.994427)"
405237979,,Rua Doutor Ricardo,residential,False,True,9.676,"LINESTRING (-40.2718821 -8.9958718, -40.2719702 -8.9958727)"
176768623,BR-122,Rodovia BR-122,trunk,False,True,154.051,"LINESTRING (-40.2718821 -8.9958718, -40.2718905 -8.9960302, -40.27192 -8.9967186, -40.2719475 -8.9972557)"
405240735,,Rua do Juazeiro,residential,False,False,104.846,"LINESTRING (-40.2672066 -8.9944166, -40.267857 -8.9951068)"
455558745,,Travessa Mandacaru,residential,False,False,53.137,"LINESTRING (-40.2672066 -8.9944166, -40.2675672 -8.994098)"
334876896,,Rua Xique Xique,residential,False,True,103.907,"LINESTRING (-40.2686548 -8.9942988, -40.2692686 -8.9950099)"
334859127,,Rua Tiradentes,residential,False,False,72.886,"LINESTRING (-40.2686548 -8.9942988, -40.2684726 -8.9945099, -40.2681944 -8.9947696)"
334859127,,Rua Tiradentes,residential,False,True,82.733,"LINESTRING (-40.2686548 -8.9942988, -40.2687732 -8.9941383, -40.2688942 -8.9940077, -40.2691734 -8.9937634)"
824176653,,,residential,False,False,15.437,"LINESTRING (-40.2720389 -8.997248, -40.2721794 -8.9972439)"
824176653,,,residential,False,True,10.075,"LINESTRING (-40.2720389 -8.997248, -40.2719475 -8.9972557)"
405240739,,Rua Senador Marcos Freire,residential,False,False,27.243,"LINESTRING (-40.2697943 -8.9967668, -40.2697353 -8.9967795, -40.2696984 -8.9968054, -40.269687 -8.9968279, -40.2696743 -8.9968497, -40.2696428 -8.9969345)"
405240739,,Rua Senador Marcos Freire,residential,False,True,88.088,"LINESTRING (-40.2697943 -8.9967668, -40.2700119 -8.9967431, -40.2700518 -8.9967183, -40.270141 -8.9966049, -40.2701928 -8.9965778, -40.2702718 -8.9965618, -40.2705208 -8.996528)"
455558748,,Rua Leste,residential,False,True,51.795,"LINESTRING (-40.2697943 -8.9967668, -40.2697642 -8.9965757, -40.2697708 -8.9965384, -40.2697836 -8.9965057, -40.2698129 -8.9964749, -40.2699373 -8.9963768)"
455558748,,Rua Leste,residential,False,False,42.468,"LINESTRING (-40.2716796 -8.9959897, -40.2712954 -8.9960329)"
455558748,,Rua Leste,residential,False,True,12.843,"LINESTRING (-40.2716796 -8.9959897, -40.2717919 -8.9959575)"
405240730,,Avenida Nilo Coelho,residential,False,False,165.828,"LINESTRING (-40.2716796 -8.9959897, -40.2716203 -8.9954039, -40.2715614 -8.9947823, -40.2715389 -8.9945049)"
405240730,,Avenida Nilo Coelho,residential,False,True,61.328,"LINESTRING (-40.2716796 -8.9959897, -40.2717255 -8.9964166, -40.2717389 -8.9964855, -40.2717533 -8.9965356)"
455558748,,Rua Leste,residential,False,False,12.843,"LINESTRING (-40.2717919 -8.9959575, -40.2716796 -8.9959897)"
455558751,,Avenida Nilo Coelho,secondary,True,False,162.708,"LINESTRING (-40.2717919 -8.9959575, -40.2717716 -8.9955229, -40.2717213 -8.9944959)"
334859126,,Rua Dom Pedro II,residential,False,True,50.336,"LINESTRING (-40.271221 -8.9936879, -40.2708826 -8.9939932)"
405240730,,Avenida Nilo Coelho,residential,False,False,157.95100000000002,"LINESTRING (-40.271221 -8.9936879, -40.2710781 -8.9933115, -40.2710428 -8.9932327, -40.2709767 -8.9931434, -40.2702774 -8.9926983)"
405240730,,Avenida Nilo Coelho,residential,False,True,100.071,"LINESTRING (-40.271221 -8.9936879, -40.2713653 -8.9938786, -40.2714562 -8.9940217, -40.2715133 -8.9942003, -40.2715389 -8.9945049)"
824176651,,,residential,False,True,20.058,"LINESTRING (-40.2715389 -8.9945049, -40.2717213 -8.9944959)"
405240730,,Avenida Nilo Coelho,residential,False,False,100.071,"LINESTRING (-40.2715389 -8.9945049, -40.2715133 -8.9942003, -40.2714562 -8.9940217, -40.2713653 -8.9938786, -40.271221 -8.9936879)"
405240730,,Avenida Nilo Coelho,residential,False,True,165.828,"LINESTRING (-40.2715389 -8.9945049, -40.2715614 -8.9947823, -40.2716203 -8.9954039, -40.2716796 -8.9959897)"
300162610,BR-122;BR-428,,trunk,True,False,28.582,"LINESTRING (-40.2716625 -8.9936622, -40.2715662 -8.9934234)"
405240742,,Rua dos Estudantes,residential,True,False,47.366,"LINESTRING (-40.2718578 -8.997396, -40.2714283 -8.9974346)"
455558751,,Avenida Nilo Coelho,secondary,True,False,22.397,"LINESTRING (-40.2718578 -8.997396, -40.2718483 -8.9971948)"
455558751,,Avenida Nilo Coelho,secondary,True,False,65.554,"LINESTRING (-40.2718483 -8.9971948, -40.2718184 -8.996606)"
405237975,,Avenida Hélio Ferreira Lima,residential,False,False,111.231,"LINESTRING (-40.2747885 -8.9945589, -40.2742428 -8.9954016)"
405237975,,Avenida Hélio Ferreira Lima,residential,False,True,33.453,"LINESTRING (-40.2747885 -8.9945589, -40.2749519 -8.994305)"
455558769,,Rua Professor Ivonildo,residential,False,True,86.006,"LINESTRING (-40.2747885 -8.9945589, -40.2740547 -8.994829)"
334876898,,Travessa São Francisco,residential,False,False,66.938,"LINESTRING (-40.2740547 -8.994829, -40.2742428 -8.9954016)"
334876898,,Travessa São Francisco,residential,False,True,49.531,"LINESTRING (-40.2740547 -8.994829, -40.2739008 -8.9944103)"
455558769,,Rua Professor Ivonildo,residential,False,False,86.006,"LINESTRING (-40.2740547 -8.994829, -40.2747885 -8.9945589)"
455558770,,Travessa São Francisco,residential,False,False,48.48,"LINESTRING (-40.2748635 -8.9940535, -40.274733 -8.993637)"
455558770,,Travessa São Francisco,residential,False,True,29.603,"LINESTRING (-40.2748635 -8.9940535, -40.2749519 -8.994305)"
455558773,,Rua São José,residential,False,False,112.93,"LINESTRING (-40.2748635 -8.9940535, -40.2739008 -8.9944103)"
455558770,,Travessa São Francisco,residential,False,True,48.48,"LINESTRING (-40.274733 -8.993637, -40.2748635 -8.9940535)"
455558772,,Rua São Gonçalo,residential,False,False,4.779,"LINESTRING (-40.274733 -8.993637, -40.2747737 -8.9936218)"
455558772,,Rua São Gonçalo,residential,False,True,117.495,"LINESTRING (-40.274733 -8.993637, -40.2737206 -8.9939785)"
405237975,,Avenida Hélio Ferreira Lima,residential,False,False,33.453,"LINESTRING (-40.2749519 -8.994305, -40.2747885 -8.9945589)"
405237975,,Avenida Hélio Ferreira Lima,residential,False,True,123.789,"LINESTRING (-40.2749519 -8.994305, -40.2755632 -8.9933697)"
455558770,,Travessa São Francisco,residential,False,False,29.603,"LINESTRING (-40.2749519 -8.994305, -40.2748635 -8.9940535)"
455558770,,Travessa São Francisco,residential,False,True,212.235,"LINESTRING (-40.2749519 -8.994305, -40.2750474 -8.9945118, -40.2751279 -8.9946813, -40.275254 -8.9949092, -40.2756736 -8.9956009, -40.2759332 -8.9959437)"
405237975,,Avenida Hélio Ferreira Lima,residential,False,False,34.098,"LINESTRING (-40.2758404 -8.9925659, -40.2757676 -8.992864)"
455558780,,Rua Sem Denominação,residential,False,True,28.324,"LINESTRING (-40.2758404 -8.9925659, -40.2757782 -8.9923187)"
455558771,,Rua Tancredo Neves,residential,False,False,53.691,"LINESTRING (-40.2726264 -8.9948508, -40.2726009 -8.9943686)"
455558771,,Rua Tancredo Neves,residential,False,True,111.321,"LINESTRING (-40.2726264 -8.9948508, -40.2726701 -8.995851)"
455558773,,Rua São José,residential,False,True,148.288,"LINESTRING (-40.2726264 -8.9948508, -40.2739008 -8.9944103)"
405237975,,Avenida Hélio Ferreira Lima,residential,False,True,34.098,"LINESTRING (-40.2757676 -8.992864, -40.2758404 -8.9925659)"
455558774,,Rua São Francisco,residential,False,True,126.414,"LINESTRING (-40.2757676 -8.992864, -40.2746598 -8.9931726)"
405237975,,Avenida Hélio Ferreira Lima,residential,False,False,60.738,"LINESTRING (-40.2757676 -8.992864, -40.2756831 -8.9931314, -40.2755632 -8.9933697)"
334859123,,Travessa São Francisco,residential,False,False,51.491,"LINESTRING (-40.2746598 -8.9931726, -40.2747737 -8.9936218)"
334859123,,Travessa São Francisco,residential,False,True,56.182,"LINESTRING (-40.2746598 -8.9931726, -40.274514 -8.9926883)"
455558774,,Rua São Francisco,residential,False,False,126.414,"LINESTRING (-40.2746598 -8.9931726, -40.2757676 -8.992864)"
455558774,,Rua São Francisco,residential,False,True,127.16399999999999,"LINESTRING (-40.2746598 -8.9931726, -40.2741489 -8.9933369, -40.2735643 -8.9935425)"
405237983,,Rua Helio Ferreira Maia,residential,False,False,28.491,"LINESTRING (-40.2755718 -8.9911698, -40.2756346 -8.9914184)"
405237983,,Rua Helio Ferreira Maia,residential,False,True,20.702,"LINESTRING (-40.2755718 -8.9911698, -40.2755225 -8.9909901)"
687430165,,Quadra AB,residential,False,True,51.071,"LINESTRING (-40.2755718 -8.9911698, -40.275777 -8.9911075, -40.2758132 -8.9910771, -40.2758387 -8.9910373, -40.2758977 -8.9908956)"
405240723,,Rua José Ricardo,residential,False,False,31.13,"LINESTRING (-40.2716244 -8.9908178, -40.2713632 -8.9909265)"
31534531,BR-122,Rodovia BR-122,trunk,False,False,180.02,"LINESTRING (-40.2716244 -8.9908178, -40.2715803 -8.9903936, -40.2715129 -8.9900109, -40.2714372 -8.989666, -40.2713138 -8.9892316)"
31534531,BR-122,Rodovia BR-122,trunk,False,True,102.729,"LINESTRING (-40.2716244 -8.9908178, -40.2716623 -8.9913321, -40.2716965 -8.9917389)"
405240726,,Travessa Zeferino Gomes,residential,False,True,22.5,"LINESTRING (-40.2694853 -8.9893175, -40.2696812 -8.9892583)"
824176650,,,residential,False,True,18.192,"LINESTRING (-40.2684586 -8.991414, -40.268364 -8.9915483)"
31533850,BR-428,Rodovia BR-428,trunk,False,True,283.35,"LINESTRING (-40.2684586 -8.991414, -40.2703148 -8.9925103, -40.2706747 -8.9927187)"
405237989,,Rua B,residential,False,True,25.693,"LINESTRING (-40.2715565 -8.9890491, -40.2716196 -8.9892716)"
687430139,,,residential,False,True,82.698,"LINESTRING (-40.2715565 -8.9890491, -40.2721715 -8.98862)"
334876911,,Rua Olímpio Angelim,residential,False,True,66.641,"LINESTRING (-40.2721715 -8.98862, -40.2722352 -8.989216)"
687430139,,,residential,False,False,82.698,"LINESTRING (-40.2721715 -8.98862, -40.2715565 -8.9890491)"
405240742,,Rua dos Estudantes,residential,True,False,64.483,"LINESTRING (-40.2714283 -8.9974346, -40.2708438 -8.9974895)"
405240730,,Avenida Nilo Coelho,residential,False,True,62.406,"LINESTRING (-40.268364 -8.9915483, -40.2688535 -8.9918333)"
824176650,,,residential,False,False,18.192,"LINESTRING (-40.268364 -8.9915483, -40.2684586 -8.991414)"
"[405240730, 455860003]",,"['Avenida Nilo Coelho', 'Rua João Pessoa']",residential,False,"[False, True]",120.03600000000002,"LINESTRING (-40.268364 -8.9915483, -40.2678323 -8.9912479, -40.2677798 -8.9912406, -40.2677259 -8.9912491, -40.2675602 -8.9914198, -40.2675337 -8.9914698, -40.2675331 -8.9915451)"
687430165,,Quadra AB,residential,False,False,64.031,"LINESTRING (-40.2760988 -8.9903551, -40.2758977 -8.9908956)"
687430168,,,residential,False,False,78.977,"LINESTRING (-40.2760988 -8.9903551, -40.2754072 -8.9905496)"
687430165,,Quadra AB,residential,False,True,64.031,"LINESTRING (-40.2758977 -8.9908956, -40.2760988 -8.9903551)"
687430167,,,residential,False,False,42.526,"LINESTRING (-40.2758977 -8.9908956, -40.2755225 -8.9909901)"
687430165,,Quadra AB,residential,False,False,51.071,"LINESTRING (-40.2758977 -8.9908956, -40.2758387 -8.9910373, -40.2758132 -8.9910771, -40.275777 -8.9911075, -40.2755718 -8.9911698)"
405237988,,Rua Ozanan Barros,residential,False,False,43.086,"LINESTRING (-40.2749443 -8.9909529, -40.2748467 -8.9905776)"
405237988,,Rua Ozanan Barros,residential,False,True,156.698,"LINESTRING (-40.2749443 -8.9909529, -40.2752338 -8.9923328)"
687430166,,,residential,False,True,60.45,"LINESTRING (-40.2749443 -8.9909529, -40.2754779 -8.9908196)"
405237983,,Rua Helio Ferreira Maia,residential,False,False,19.581,"LINESTRING (-40.2754779 -8.9908196, -40.2755225 -8.9909901)"
405237983,,Rua Helio Ferreira Maia,residential,False,True,31.011,"LINESTRING (-40.2754779 -8.9908196, -40.2754072 -8.9905496)"
687430166,,,residential,False,False,60.45,"LINESTRING (-40.2754779 -8.9908196, -40.2749443 -8.9909529)"
405237983,,Rua Helio Ferreira Maia,residential,False,False,20.702,"LINESTRING (-40.2755225 -8.9909901, -40.2755718 -8.9911698)"
405237983,,Rua Helio Ferreira Maia,residential,False,True,19.581,"LINESTRING (-40.2755225 -8.9909901, -40.2754779 -8.9908196)"
687430167,,,residential,False,True,42.526,"LINESTRING (-40.2755225 -8.9909901, -40.2758977 -8.9908956)"
405237983,,Rua Helio Ferreira Maia,residential,False,False,31.011,"LINESTRING (-40.2754072 -8.9905496, -40.2754779 -8.9908196)"
405237983,,Rua Helio Ferreira Maia,residential,False,True,13.31,"LINESTRING (-40.2754072 -8.9905496, -40.2753769 -8.9904337)"
687430168,,,residential,False,True,78.977,"LINESTRING (-40.2754072 -8.9905496, -40.2760988 -8.9903551)"
405237983,,Rua Helio Ferreira Maia,residential,False,False,40.526,"LINESTRING (-40.2752859 -8.9900805, -40.2753769 -8.9904337)"
405237983,,Rua Helio Ferreira Maia,residential,False,True,56.806,"LINESTRING (-40.2752859 -8.9900805, -40.2751584 -8.9895854)"
702500706,,,residential,False,False,46.049,"LINESTRING (-40.2688287 -8.9960695, -40.2685404 -8.9963702)"
405240735,,Rua do Juazeiro,residential,False,False,131.343,"LINESTRING (-40.2688287 -8.9960695, -40.2690017 -8.9962417, -40.2691841 -8.9964351, -40.2695422 -8.9968272, -40.2696428 -8.9969345)"
405240735,,Rua do Juazeiro,residential,False,True,55.803,"LINESTRING (-40.2688287 -8.9960695, -40.2686839 -8.9959397, -40.2684627 -8.9957216)"
702500706,,,residential,False,True,46.049,"LINESTRING (-40.2685404 -8.9963702, -40.2688287 -8.9960695)"
334876899,,Rua Aurora,residential,False,False,181.824,"LINESTRING (-40.2685404 -8.9963702, -40.268696 -8.9965345, -40.2688985 -8.9967292, -40.2692337 -8.9970696, -40.2693625 -8.9972047, -40.2694604 -8.9973027, -40.2695248 -8.9973504, -40.2696066 -8.9973862, -40.2697635 -8.9974432)"
702500709,,,residential,False,False,78.171,"LINESTRING (-40.2747336 -8.9967862, -40.2750146 -8.9974321)"
455558767,,Rua Arakan,residential,True,False,156.664,"LINESTRING (-40.2747336 -8.9967862, -40.2742884 -8.9969888, -40.2734387 -8.9973772)"
702500709,,,residential,False,True,78.171,"LINESTRING (-40.2750146 -8.9974321, -40.2747336 -8.9967862)"
702500712,,,residential,False,False,64.37,"LINESTRING (-40.2750146 -8.9974321, -40.2755585 -8.9972164)"
405237975,,Avenida Hélio Ferreira Lima,residential,False,False,92.102,"LINESTRING (-40.2736688 -8.9963371, -40.2732263 -8.9970407)"
702500711,,,residential,False,False,78.74,"LINESTRING (-40.2736688 -8.9963371, -40.2743296 -8.9960624)"
405237975,,Avenida Hélio Ferreira Lima,residential,False,True,75.031,"LINESTRING (-40.2736688 -8.9963371, -40.273874 -8.9959954, -40.2740242 -8.9957609)"
702500711,,,residential,False,True,78.74,"LINESTRING (-40.2743296 -8.9960624, -40.2736688 -8.9963371)"
405237984,,Rua Ozanan Barros,tertiary,True,False,86.771,"LINESTRING (-40.2752712 -8.9924656, -40.274514 -8.9926883)"
405237988,,Rua Ozanan Barros,residential,False,False,15.327,"LINESTRING (-40.2752712 -8.9924656, -40.2752338 -8.9923328)"
702500712,,,residential,False,True,64.37,"LINESTRING (-40.2755585 -8.9972164, -40.2750146 -8.9974321)"
405237975,,Avenida Hélio Ferreira Lima,residential,False,True,92.102,"LINESTRING (-40.2732263 -8.9970407, -40.2736688 -8.9963371)"
405237978,,Avenida Antônio Germano,residential,False,False,139.248,"LINESTRING (-40.2732263 -8.9970407, -40.2732262 -8.9967941, -40.2732383 -8.9963358, -40.2732503 -8.9957887)"
405237978,,Avenida Antônio Germano,residential,False,True,12.902000000000001,"LINESTRING (-40.2732263 -8.9970407, -40.2732302 -8.9971067, -40.2732337 -8.9971565)"
455558768,,Rua dos Estudantes,residential,True,False,24.244,"LINESTRING (-40.2708357 -8.9973255, -40.2710549 -8.9972997)"
805011147,,,residential,False,False,18.258,"LINESTRING (-40.2708357 -8.9973255, -40.2708438 -8.9974895)"
405240742,,Rua dos Estudantes,residential,True,False,15.093,"LINESTRING (-40.2708438 -8.9974895, -40.2707078 -8.997509)"
805011147,,,residential,False,True,18.258,"LINESTRING (-40.2708438 -8.9974895, -40.2708357 -8.9973255)"
176768623,BR-122,Rodovia BR-122,trunk,False,False,23.906,"LINESTRING (-40.2718097 -8.994427, -40.2717966 -8.9942124)"
176768623,BR-122,Rodovia BR-122,trunk,False,True,160.851,"LINESTRING (-40.2718097 -8.994427, -40.2718821 -8.9958718)"
824115348,,,secondary_link,False,False,10.137,"LINESTRING (-40.2718097 -8.994427, -40.2717174 -8.9944264)"
824115348,,,secondary_link,False,True,10.623,"LINESTRING (-40.2718097 -8.994427, -40.2719064 -8.9944247)"
824115348,,,secondary_link,False,True,10.137,"LINESTRING (-40.2717174 -8.9944264, -40.2718097 -8.994427)"
455558751,,Avenida Nilo Coelho,secondary,True,False,85.22399999999999,"LINESTRING (-40.2717174 -8.9944264, -40.2717002 -8.9940319, -40.2716625 -8.9936622)"
824115348,,,secondary_link,False,False,10.623,"LINESTRING (-40.2719064 -8.9944247, -40.2718097 -8.994427)"
429345586,,Avenida Nilo Coelho,secondary,True,False,161.166,"LINESTRING (-40.2719064 -8.9944247, -40.2719192 -8.9946398, -40.2719554 -8.9954882, -40.2719702 -8.9958727)"
405240730,,Avenida Nilo Coelho,residential,False,True,10.602,"LINESTRING (-40.2717533 -8.9965356, -40.2718184 -8.996606)"
405240738,,Rua José Henrique de Lima,residential,False,True,44.837,"LINESTRING (-40.2717533 -8.9965356, -40.2713485 -8.9965879)"
405240730,,Avenida Nilo Coelho,residential,False,False,61.327999999999996,"LINESTRING (-40.2717533 -8.9965356, -40.2717389 -8.9964855, -40.2717255 -8.9964166, -40.2716796 -8.9959897)"
455558751,,Avenida Nilo Coelho,secondary,True,False,7.74,"LINESTRING (-40.2717213 -8.9944959, -40.2717174 -8.9944264)"
824176651,,,residential,False,False,20.058,"LINESTRING (-40.2717213 -8.9944959, -40.2715389 -8.9945049)"
