osmid,oneway,lanes,name,highway,maxspeed,reversed,length,geometry,width,access,tunnel,ref,bridge
770060970,True,2,Western Distributor Onramp,motorway_link,60,False,27.681,"LINESTRING (151.2038821 -33.870974, 151.203804 -33.870977, 151.2035826 -33.8709856)",,,,,
"[1193052357, 77527247]",True,"['4', '3']",Sussex Street,unclassified,50,False,230.802,"LINESTRING (151.2038821 -33.870974, 151.2038952 -33.8710722, 151.2039008 -33.8711252, 151.2039276 -33.8713342, 151.2039808 -33.8717973, 151.2040397 -33.8723168, 151.2040614 -33.8725084, 151.2040918 -33.8727715, 151.2040966 -33.872814, 151.2041079 -33.872919, 151.2041158 -33.8729916, 151.2041212 -33.8730401)",,,,,
"[48539508, 521118940, 521118941, 521118942]",False,"['5', '6']",Park Street,secondary,40,True,251.46199999999996,"LINESTRING (151.2125843 -33.8737152, 151.2125047 -33.8737018, 151.2124178 -33.8736862, 151.2123755 -33.8736795, 151.2122322 -33.873657, 151.2118959 -33.8736009, 151.2115865 -33.8735503, 151.2113604 -33.8735126, 151.2104901 -33.8733632, 151.2102758 -33.8733315, 151.210107 -33.8733123, 151.2100667 -33.8733075, 151.2099094 -33.873293)",,,,,
"[753455242, 753455243, 753455244]",False,5,College Street,secondary,40,False,298.109,"LINESTRING (151.2125843 -33.8737152, 151.2125841 -33.8736256, 151.2125908 -33.8735462, 151.2125968 -33.8735096, 151.2127251 -33.8727203, 151.2127708 -33.8723143, 151.2127934 -33.8721373, 151.2128284 -33.8719204, 151.2129459 -33.8710521)",,,,,
551547081,False,4,Bathurst Street,secondary,50,True,50.496,"LINESTRING (151.2042532 -33.8741226, 151.2041567 -33.8741117, 151.2041276 -33.8741085, 151.2037112 -33.8740616)",,,,,
551547082,True,3,Bathurst Street,secondary,40,False,92.478,"LINESTRING (151.2042532 -33.8741226, 151.2043448 -33.8741319, 151.2051533 -33.8742139, 151.2051847 -33.8742166, 151.2052477 -33.874222)",,,,,
243014970,False,,Sussex Street,tertiary,50,True,118.833,"LINESTRING (151.2033934 -33.8668311, 151.2033914 -33.8669049, 151.2033913 -33.8669276, 151.2034445 -33.8673411, 151.203513 -33.8678945)",,,,,
527690684,False,4,Erskine Street,tertiary,40,False,89.20299999999999,"LINESTRING (151.2033934 -33.8668311, 151.2035218 -33.8668208, 151.2035552 -33.8668182, 151.2042427 -33.8667632, 151.2042772 -33.8667604, 151.2043551 -33.8667542)",12,,,,
"[778420272, 778420271]",True,2,Kent Street,unclassified,40,False,59.074,"LINESTRING (151.2052477 -33.874222, 151.2052338 -33.8741169, 151.2052216 -33.8740247, 151.2051827 -33.8736935)",,,,,
36328671,True,2,Druitt Street,secondary,30,False,94.44099999999999,"LINESTRING (151.205085 -33.8727825, 151.2050054 -33.8728098, 151.2049695 -33.8728124, 151.2048267 -33.8728288, 151.2047276 -33.8728369, 151.204645 -33.8728483, 151.2045578 -33.8728715, 151.2044728 -33.8729, 151.2042589 -33.872989, 151.204226 -33.8730014, 151.2041212 -33.8730401)",,,,,
"[778420267, 524946781, 244140638]",True,"['3', '2']",Kent Street,unclassified,40,False,202.891,"LINESTRING (151.205085 -33.8727825, 151.2050902 -33.8727117, 151.2050535 -33.8724257, 151.2049394 -33.8715652, 151.2048697 -33.8711034, 151.2048657 -33.8710725, 151.2048502 -33.8709694)",,,,,
702324044,False,3,Druitt Street,secondary,30,True,59.101,"LINESTRING (151.205085 -33.8727825, 151.2051446 -33.8727785, 151.2051859 -33.8727757, 151.2052203 -33.8727733, 151.2056091 -33.8727465, 151.2056323 -33.872745, 151.205723 -33.8727389)",,,,,
3190200,True,3,King Street,secondary,40,False,88.509,"LINESTRING (151.2036324 -33.868799, 151.2037127 -33.868792, 151.2044731 -33.8687871, 151.2045078 -33.8687861, 151.2045905 -33.8687837)",,,,,
"[129194905, 243014970]",False,,Sussex Street,tertiary,50,False,101.28,"LINESTRING (151.2036324 -33.868799, 151.2036296 -33.868746, 151.2036191 -33.8687144, 151.2036102 -33.8686876, 151.2035834 -33.8684692, 151.203513 -33.8678945)",,,,,
826184865,True,4,Sussex Street,tertiary,50,False,22.994,"LINESTRING (151.2036324 -33.868799, 151.2036369 -33.8688707, 151.2036454 -33.8690055)",,,,,
"[1015713937, 4987587, 2077108]",False,5,"['Chifley Square', 'Phillip Street']",primary,40,False,129.339,"LINESTRING (151.210757 -33.8663402, 151.210791 -33.8662592, 151.2108033 -33.86623, 151.2110235 -33.8660377, 151.2111385 -33.8659373, 151.211212 -33.8658134, 151.2114586 -33.8653524)",,,,,
"[901816996, 408466887, 152425771, 408466893, 816490712]",False,"['5', '6']",Elizabeth Street,primary,40,False,318.0720000000001,"LINESTRING (151.210757 -33.8663402, 151.2107467 -33.8664179, 151.210741 -33.8664606, 151.2106326 -33.8672999, 151.2105932 -33.8676016, 151.2105893 -33.8676341, 151.210585 -33.8676696, 151.2105801 -33.867711, 151.2105708 -33.8677874, 151.2105616 -33.8678658, 151.2105579 -33.8678965, 151.2105558 -33.8679137, 151.2105142 -33.8682617, 151.210449 -33.8689428, 151.2104325 -33.8690547, 151.2104281 -33.8690845, 151.2104241 -33.8691114, 151.2104191 -33.8691381, 151.210408 -33.8691855)",,,,,
152425775,False,4,Hunter Street,unclassified,40,True,60.649,"LINESTRING (151.210757 -33.8663402, 151.2109275 -33.8663596, 151.2109599 -33.8663639, 151.2114062 -33.8664232)",,,,,
235499634,False,4,Hunter Street,unclassified,40,False,66.69699999999999,"LINESTRING (151.210757 -33.8663402, 151.2106172 -33.8663191, 151.21058 -33.8663135, 151.2101574 -33.8662496, 151.2101293 -33.8662449, 151.210047 -33.8662299)",,,,,
324139693,False,6,Elizabeth Street,primary,40,False,35.943,"LINESTRING (151.2102321 -33.870425, 151.2102143 -33.8705627, 151.2102035 -33.8706483, 151.2101987 -33.8707469)",,,,,
378056657,False,5,Elizabeth Street,primary,40,True,67.736,"LINESTRING (151.2102321 -33.870425, 151.2102638 -33.8701737, 151.2103124 -33.8698195)",,,,,
152425775,False,4,Hunter Street,unclassified,40,False,92.572,"LINESTRING (151.212395 -33.866561, 151.2122925 -33.8665467, 151.2122657 -33.866543, 151.2114062 -33.8664232)",,,,,
333018552,False,4,Macquarie Street,secondary,40,True,50.421,"LINESTRING (151.212395 -33.866561, 151.2124091 -33.8664768, 151.2124124 -33.8664569, 151.2124704 -33.8661119)",,,,,
"[753455241, 785917939]",False,4,Macquarie Street,secondary,40,False,362.907,"LINESTRING (151.212395 -33.866561, 151.2123872 -33.8666308, 151.2123842 -33.8666575, 151.2122597 -33.8677776, 151.2122533 -33.8678287, 151.2122485 -33.8678664, 151.2122427 -33.8679123, 151.212239 -33.8679427, 151.2122319 -33.8679996, 151.2122277 -33.8680336, 151.2122263 -33.8680447, 151.2121958 -33.868291, 151.2121546 -33.868625, 151.2120066 -33.8696806, 151.212002 -33.8697119, 151.2119883 -33.869807)",,,,,
4990150,True,2,Shakespeare Place,motorway_link,40,False,80.66399999999999,"LINESTRING (151.2125342 -33.8657237, 151.2126607 -33.8656808, 151.2128725 -33.8657067, 151.2133936 -33.8657429)",,,,,
435287619,False,4,Macquarie Street,secondary,40,False,43.566,"LINESTRING (151.2125342 -33.8657237, 151.2125175 -33.8658249, 151.2125125 -33.8658553, 151.2124704 -33.8661119)",,,,,
"[1078267325, 5011671]",True,2,"['King Street', 'Phillip Street']",unclassified,40,False,78.577,"LINESTRING (151.210408 -33.8691855, 151.2105434 -33.8691991, 151.2109593 -33.869241, 151.2110021 -33.8692355, 151.2110406 -33.8692162, 151.2110564 -33.8691901, 151.2110641 -33.8691573, 151.211077 -33.8690482)",,,,,
169069535,False,5,Elizabeth Street,primary,40,False,71.089,"LINESTRING (151.210408 -33.8691855, 151.2103884 -33.8692588, 151.2103858 -33.8692778, 151.2103124 -33.8698195)",,,,,
"[901816996, 408466887, 152425771, 408466893, 816490712]",False,"['5', '6']",Elizabeth Street,primary,40,True,318.07200000000006,"LINESTRING (151.210408 -33.8691855, 151.2104191 -33.8691381, 151.2104241 -33.8691114, 151.2104281 -33.8690845, 151.2104325 -33.8690547, 151.210449 -33.8689428, 151.2105142 -33.8682617, 151.2105558 -33.8679137, 151.2105579 -33.8678965, 151.2105616 -33.8678658, 151.2105708 -33.8677874, 151.2105801 -33.867711, 151.210585 -33.8676696, 151.2105893 -33.8676341, 151.2105932 -33.8676016, 151.2106326 -33.8672999, 151.210741 -33.8664606, 151.2107467 -33.8664179, 151.210757 -33.8663402)",,,,,
152425775,False,4,Hunter Street,unclassified,40,False,60.649,"LINESTRING (151.2114062 -33.8664232, 151.2109599 -33.8663639, 151.2109275 -33.8663596, 151.210757 -33.8663402)",,,,,
152425775,False,4,Hunter Street,unclassified,40,True,92.572,"LINESTRING (151.2114062 -33.8664232, 151.2122657 -33.866543, 151.2122925 -33.8665467, 151.212395 -33.866561)",,,,,
"[1102756320, 3188362, 1102756319]",False,2,Phillip Street,unclassified,40,False,293.46999999999997,"LINESTRING (151.2114062 -33.8664232, 151.2113962 -33.8664984, 151.2113406 -33.8669188, 151.2112463 -33.8676614, 151.2112417 -33.8676957, 151.2112387 -33.8677182, 151.2112227 -33.867838, 151.211221 -33.8678505, 151.211209 -33.8679405, 151.2112069 -33.8679564, 151.2112057 -33.8679655, 151.2112034 -33.8679824, 151.211077 -33.8690482)",,,,,
83148535,False,6,Park Street,secondary,40,False,66.905,"LINESTRING (151.2091914 -33.8732153, 151.2092827 -33.8732323, 151.2093321 -33.8732402, 151.2097116 -33.8732745, 151.2097623 -33.8732783, 151.2099094 -33.873293)",,,,,
"[1254241298, 837551109]",False,5,Park Street,secondary,40,True,98.44699999999999,"LINESTRING (151.2091914 -33.8732153, 151.209141 -33.873208, 151.2090922 -33.8732004, 151.2090482 -33.8731948, 151.2084862 -33.8731359, 151.2082668 -33.8731129, 151.2082165 -33.8731061, 151.2081348 -33.8730969)",,,,,
324785034,True,,York Street,secondary,40,False,75.621,"LINESTRING (151.205831 -33.8670156, 151.2059035 -33.867584, 151.2059083 -33.8676215, 151.2059172 -33.8676919)",,,,,
478243190,True,2,York Street,secondary,40,False,43.712,"LINESTRING (151.2057882 -33.8666241, 151.205831 -33.8670156)",,,,,
527690683,False,4,Erskine Street,tertiary,40,True,69.73,"LINESTRING (151.2057882 -33.8666241, 151.2056915 -33.8666324, 151.2054009 -33.8666575, 151.2051569 -33.8666795, 151.2051341 -33.8666816, 151.2050372 -33.8666903)",12,,,,
"[5011713, 514975265]",False,4,Erskine Street,tertiary,40,True,63.378,"LINESTRING (151.2050372 -33.8666903, 151.2049439 -33.8666993, 151.2049121 -33.8667024, 151.2044952 -33.8667425, 151.2044635 -33.8667452, 151.2044178 -33.866749, 151.2043551 -33.8667542)",12,,,,
527690683,False,4,Erskine Street,tertiary,40,False,69.73,"LINESTRING (151.2050372 -33.8666903, 151.2051341 -33.8666816, 151.2051569 -33.8666795, 151.2054009 -33.8666575, 151.2056915 -33.8666324, 151.2057882 -33.8666241)",12,,,,
245021279,False,,Druitt Street,secondary,30,True,70.73,"LINESTRING (151.205723 -33.8727389, 151.2058163 -33.8727364, 151.2058454 -33.8727359, 151.2060528 -33.8727432, 151.2062509 -33.872754, 151.2063946 -33.8727623, 151.2064851 -33.8727818)",,,,,
702324044,False,3,Druitt Street,secondary,30,False,59.101,"LINESTRING (151.205723 -33.8727389, 151.2056323 -33.872745, 151.2056091 -33.8727465, 151.2052203 -33.8727733, 151.2051859 -33.8727757, 151.2051446 -33.8727785, 151.205085 -33.8727825)",,,,,
"[1254234740, 3188567]",True,4,Clarence Street,tertiary,40,False,205.01600000000002,"LINESTRING (151.205723 -33.8727389, 151.2057142 -33.8726649, 151.2056546 -33.8720741, 151.2056415 -33.8719421, 151.2055517 -33.8710354, 151.2055483 -33.8710007, 151.2055374 -33.8709016)",,,,,
"[3190200, 129086737]",True,3,King Street,secondary,40,False,62.602000000000004,"LINESTRING (151.2045905 -33.8687837, 151.2046518 -33.8687819, 151.2046983 -33.8687805, 151.2049115 -33.8687666, 151.2051593 -33.8687499, 151.205192 -33.8687441, 151.2052646 -33.8687311)",,,,,
"[524946780, 129388679]",True,2,Kent Street,tertiary,40,False,226.72,"LINESTRING (151.2045905 -33.8687837, 151.2045852 -33.8687329, 151.2045807 -33.8686891, 151.2044599 -33.8677114, 151.204438 -33.8675252, 151.2043659 -33.8668538, 151.2043629 -33.866826, 151.2043551 -33.8667542)",,,,,
34695427,True,3,King Street,secondary,40,False,71.424,"LINESTRING (151.2052646 -33.8687311, 151.2053711 -33.8687123, 151.2059076 -33.8686698, 151.2059387 -33.8686674, 151.2060332 -33.868665)",,,,,
1097892515,True,4,Clarence Street,tertiary,40,False,113.023,"LINESTRING (151.2052646 -33.8687311, 151.205255 -33.8686483, 151.2051571 -33.8678079, 151.2051557 -33.8677943, 151.2051478 -33.8677193)",12,destination|||,,,
"[1245722035, 34695430, 324785023]",True,"['4', '3']",King Street,secondary,40,False,213.427,"LINESTRING (151.2060332 -33.868665, 151.2061338 -33.8686673, 151.2061599 -33.8686693, 151.2065172 -33.8686876, 151.2067946 -33.8687113, 151.2068754 -33.8687185, 151.2069328 -33.8687256, 151.2069527 -33.8687276, 151.2069709 -33.8687295, 151.207014 -33.8687339, 151.2070731 -33.86874, 151.2071261 -33.8687466, 151.2073309 -33.8687722, 151.2076135 -33.8688075, 151.2080089 -33.8688569, 151.2081112 -33.8688697, 151.2081833 -33.8688787, 151.2082218 -33.8688841, 151.2083262 -33.8688968)",,,,,
"[324785049, 311692479]",True,"['4', '3']",York Street,secondary,"['50', '40']",False,242.063,"LINESTRING (151.2060332 -33.868665, 151.2060424 -33.8687439, 151.206136 -33.8695049, 151.2062036 -33.8701391, 151.2062634 -33.8706702, 151.2062689 -33.8707076, 151.2062871 -33.8708316)",,,,,
245021284,False,5,Market Street,secondary,40,True,69.809,"LINESTRING (151.2055374 -33.8709016, 151.2056224 -33.8708853, 151.2057016 -33.8708702, 151.2061268 -33.8708354, 151.2061725 -33.8708343, 151.2062871 -33.8708316)",,,,,
273641207,True,4,Clarence Street,tertiary,40,False,242.665,"LINESTRING (151.2055374 -33.8709016, 151.2055221 -33.8707793, 151.2054531 -33.8702494, 151.2053817 -33.869726, 151.2052764 -33.8688311, 151.2052728 -33.8688008, 151.2052646 -33.8687311)",12,destination|||,,,
273641208,True,4,Market Street,secondary,,False,64.02199999999999,"LINESTRING (151.2055374 -33.8709016, 151.2054396 -33.8709202, 151.2053959 -33.8709246, 151.2049974 -33.870965, 151.2049577 -33.8709688, 151.2049191 -33.8709713, 151.2048502 -33.8709694)",,,,,
389002191,False,4,Market Street,secondary,40,True,64.848,"LINESTRING (151.2048502 -33.8709694, 151.204759 -33.8709672, 151.2047197 -33.8709668, 151.2041479 -33.8709608)",,,,,
524946780,True,2,Kent Street,tertiary,40,False,244.22099999999998,"LINESTRING (151.2048502 -33.8709694, 151.2048347 -33.8708232, 151.2046003 -33.8688776, 151.2045968 -33.8688439, 151.2045905 -33.8687837)",,,,,
"[1186155104, 1100793860, 1100793872, 174712797, 1186155103]",False,,Slip Street,unclassified,,"[False, True]",393.5659999999999,"LINESTRING (151.203513 -33.8678945, 151.2034218 -33.8679032, 151.2033766 -33.8679075, 151.2032857 -33.8679262, 151.2032171 -33.867957, 151.2031494 -33.8679974, 151.2031102 -33.8680599, 151.2030959 -33.8681291, 151.2031066 -33.8682066, 151.2032192 -33.8687442, 151.203237 -33.8688433, 151.2032406 -33.868863, 151.2032869 -33.8690733, 151.2033512 -33.8691758, 151.2033653 -33.8692489, 151.2033736 -33.8693297, 151.2033909 -33.8694966, 151.2034232 -33.8698094, 151.2034434 -33.8700045, 151.2034675 -33.8702373, 151.203485 -33.8704064, 151.2035031 -33.8706734, 151.2034729 -33.870785, 151.2034621 -33.8709091, 151.203501 -33.8711649)",,,yes,,
243014970,False,,Sussex Street,tertiary,50,False,118.833,"LINESTRING (151.203513 -33.8678945, 151.2034445 -33.8673411, 151.2033913 -33.8669276, 151.2033914 -33.8669049, 151.2033934 -33.8668311)",,,,,
"[129194905, 243014970]",False,,Sussex Street,tertiary,50,True,101.27999999999999,"LINESTRING (151.203513 -33.8678945, 151.2035834 -33.8684692, 151.2036102 -33.8686876, 151.2036191 -33.8687144, 151.2036296 -33.868746, 151.2036324 -33.868799)",,,,,
235330386,True,,Pitt Street,unclassified,40,False,143.576,"LINESTRING (151.2086932 -33.8657058, 151.2086804 -33.8657971, 151.2086637 -33.8659555, 151.2086274 -33.8663155, 151.2086002 -33.8665666, 151.2085816 -33.8667352, 151.2085618 -33.8669142, 151.2085566 -33.8669589, 151.208553 -33.8669917)",,,,,
1015733366,False,,Hunter Street,unclassified,40,True,16.849,"LINESTRING (151.2086932 -33.8657058, 151.2087853 -33.8657395, 151.2088603 -33.8657667)",,,,,
"[152583184, 1131909511]",False,,Hunter Street,unclassified,40,False,104.771,"LINESTRING (151.2086932 -33.8657058, 151.2086382 -33.8656881, 151.2085436 -33.8656634, 151.2084946 -33.8656506, 151.2081653 -33.865605, 151.2077715 -33.8655555, 151.2075806 -33.8655314)",,,,,
"[1884057, 3987251, 721183959]",False,4,"['Druitt Street', 'Park Street']",secondary,40,False,157.187,"LINESTRING (151.2081348 -33.8730969, 151.2080401 -33.8730874, 151.2079936 -33.873081, 151.2076319 -33.8730343, 151.207223 -33.8729814, 151.2071455 -33.8729706, 151.2070617 -33.8729597, 151.2070222 -33.8729536, 151.2070057 -33.8729502, 151.2069874 -33.8729449, 151.2069104 -33.8729269, 151.2068256 -33.8728968, 151.2067777 -33.8728816, 151.2067016 -33.8728527, 151.2066043 -33.8728168, 151.2065764 -33.8728065, 151.2065406 -33.8727968, 151.2064851 -33.8727818)",,,,,
168248903,True,,Pitt Street,unclassified,40,False,257.506,"LINESTRING (151.2081348 -33.8730969, 151.2081392 -33.8729951, 151.2081681 -33.8722215, 151.2081713 -33.8721347, 151.2081785 -33.872009, 151.2082176 -33.870902, 151.2082188 -33.8708675, 151.2082235 -33.8707823)",,,,,
"[1254241298, 837551109]",False,5,Park Street,secondary,40,False,98.447,"LINESTRING (151.2081348 -33.8730969, 151.2082165 -33.8731061, 151.2082668 -33.8731129, 151.2084862 -33.8731359, 151.2090482 -33.8731948, 151.2090922 -33.8732004, 151.209141 -33.873208, 151.2091914 -33.8732153)",,,,,
"[245021283, 36328670]",True,"['4', '3']",Market Street,secondary,40,False,179.164,"LINESTRING (151.2082235 -33.8707823, 151.2081161 -33.8707717, 151.2073847 -33.8707709, 151.2071264 -33.8707724, 151.2070626 -33.8707764, 151.2069869 -33.8707822, 151.2069617 -33.8707832, 151.2069264 -33.8707861, 151.2068324 -33.8707912, 151.2067985 -33.8707942, 151.2064323 -33.870828, 151.2063934 -33.870829, 151.2062871 -33.8708316)",,,,,
1105686297,True,3,King Street,secondary,40,False,126.46599999999998,"LINESTRING (151.2083262 -33.8688968, 151.2084088 -33.8689067, 151.2084343 -33.8689097, 151.2086798 -33.8689438, 151.2089277 -33.8689789, 151.2090131 -33.8689905, 151.2095446 -33.8690631, 151.2095856 -33.8690687, 151.2096778 -33.8690813)",,,,,
4354653,True,3,Castlereagh Street,unclassified,40,False,107.01299999999999,"LINESTRING (151.210047 -33.8662299, 151.2100334 -33.8663324, 151.2099245 -33.8671869)",,,,,
235330385,False,,Hunter Street,unclassified,40,False,121.15,"LINESTRING (151.210047 -33.8662299, 151.2099545 -33.8662052, 151.2099228 -33.8661925, 151.2089087 -33.8657861, 151.2088603 -33.8657667)",,,,,
235499634,False,4,Hunter Street,unclassified,40,True,66.697,"LINESTRING (151.210047 -33.8662299, 151.2101293 -33.8662449, 151.2101574 -33.8662496, 151.21058 -33.8663135, 151.2106172 -33.8663191, 151.210757 -33.8663402)",,,,,
"[234923866, 821663805, 47108023]",True,1,Western Distributor,motorway,60,False,199.44600000000003,"LINESTRING (151.2032854 -33.8706475, 151.20334 -33.8712995, 151.2033521 -33.8714188, 151.2034002 -33.8717195, 151.2033954 -33.8720403, 151.2033184 -33.8724313)",,,yes,A4,
"[3188409, 600318852, 408468005]",True,"['4', '3']",Castlereagh Street,unclassified,40,False,185.37299999999996,"LINESTRING (151.2096778 -33.8690813, 151.2096728 -33.86913, 151.2096713 -33.8691446, 151.2095957 -33.8698876, 151.209574 -33.8700588, 151.2095288 -33.8704801, 151.2095152 -33.8706065, 151.2095084 -33.8706702, 151.2094959 -33.8707414)",,,,,
1105686296,True,3,King Street,secondary,40,False,68.40499999999999,"LINESTRING (151.2096778 -33.8690813, 151.2097697 -33.8690943, 151.2102544 -33.8691635, 151.2102907 -33.8691687, 151.210408 -33.8691855)",,,,,
272220391,True,1,Shakespeare Place,tertiary_link,40,False,88.19400000000002,"LINESTRING (151.2132989 -33.8658854, 151.2129621 -33.8658565, 151.2128175 -33.8658633, 151.2127288 -33.8658861, 151.2126518 -33.8659264, 151.2126439 -33.8659369, 151.2125849 -33.8659948, 151.2124704 -33.8661119)",,,,,
785914650,True,3,Shakespeare Place,tertiary_link,40,False,73.24199999999999,"LINESTRING (151.2132989 -33.8658854, 151.2131568 -33.8658418, 151.2130629 -33.8658214, 151.2129643 -33.8658073, 151.2126733 -33.8657684, 151.2126452 -33.8657646, 151.2125342 -33.8657237)",,,,,
151667031,True,2,Barrack Street,unclassified,40,False,71.104,"LINESTRING (151.2059172 -33.8676919, 151.205806 -33.8676959, 151.2055277 -33.8677058, 151.2052769 -33.8677147, 151.2052391 -33.867716, 151.2051478 -33.8677193)",,,,,
324785034,True,,York Street,secondary,40,False,108.74900000000001,"LINESTRING (151.2059172 -33.8676919, 151.205926 -33.867772, 151.2059778 -33.868282, 151.2059807 -33.8683045, 151.2060181 -33.8685636, 151.2060225 -33.8685943, 151.2060279 -33.8686312, 151.2060332 -33.868665)",,,,,
77527247,True,4,Sussex Street,unclassified,50,False,43.900000000000006,"LINESTRING (151.2041212 -33.8730401, 151.2041552 -33.8733537, 151.2041591 -33.8733893, 151.204164 -33.8734333)",,,,,
1097892515,True,4,Clarence Street,tertiary,40,False,114.874,"LINESTRING (151.2051478 -33.8677193, 151.205142 -33.8676669, 151.205122 -33.8674789, 151.2050485 -33.8667957, 151.2050456 -33.8667683, 151.2050372 -33.8666903)",12,destination|||,,,
"[77526872, 552919522]",True,1,Bathurst Street Offramp,motorway_link,50,False,112.93699999999998,"LINESTRING (151.2039377 -33.8728939, 151.2037871 -33.8729437, 151.2036934 -33.8729889, 151.2036002 -33.8730328, 151.2035412 -33.873061, 151.203437 -33.8731416, 151.2031641 -33.8735039, 151.2030981 -33.8735876)",,,yes,,
77527247,True,4,Sussex Street,unclassified,50,False,18.727,"LINESTRING (151.204164 -33.8734333, 151.2041862 -33.8736007)",,,,,
263739287,False,,Sands Street,residential,,True,33.796,"LINESTRING (151.204164 -33.8734333, 151.204087 -33.8734365, 151.2037984 -33.8734486)",,,,,
77526872,True,1,Bathurst Street Offramp,motorway_link,50,False,57.645999999999994,"LINESTRING (151.2030981 -33.8735876, 151.2030438 -33.8736964, 151.2029655 -33.8738119, 151.2029616 -33.8738546, 151.2029683 -33.8738807, 151.2029737 -33.8739017, 151.2030134 -33.8739488, 151.2030647 -33.8739818, 151.2031374 -33.8740079)",,,,,
245021284,False,5,Market Street,secondary,40,False,69.809,"LINESTRING (151.2062871 -33.8708316, 151.2061725 -33.8708343, 151.2061268 -33.8708354, 151.2057016 -33.8708702, 151.2056224 -33.8708853, 151.2055374 -33.8709016)",,,,,
1211718077,False,,Macquarie Street,secondary,40,True,7.716,"LINESTRING (151.2119784 -33.8698759, 151.2119883 -33.869807)",,,,,
1082454824,True,5,St. James Road,secondary,40,False,58.98800000000001,"LINESTRING (151.2119784 -33.8698759, 151.2118299 -33.8698579, 151.2116801 -33.8698435, 151.211544 -33.8698319, 151.211423 -33.8698244, 151.2113432 -33.8698271)",,,,,
1082454828,False,,,tertiary,,True,14.903,"LINESTRING (151.2128786 -33.870492, 151.2130327 -33.8705319)",,,,,
1082454829,False,,,tertiary,,True,11.557,"LINESTRING (151.2128786 -33.870492, 151.2129886 -33.8704424)",,,,,
"[2948475, 753455245]",True,5,St. James Road,secondary,40,False,113.84700000000001,"LINESTRING (151.2128786 -33.870492, 151.2128556 -33.8704438, 151.2128187 -33.8703826, 151.2127655 -33.8703116, 151.212679 -33.8702145, 151.2126048 -33.8701365, 151.2125551 -33.8700905, 151.212499 -33.8700391, 151.2124481 -33.8700031, 151.212399 -33.8699766, 151.2123204 -33.8699491, 151.2122088 -33.8699183, 151.2121131 -33.8698991, 151.2120729 -33.869891, 151.2119784 -33.8698759)",,,,,
"[514975265, 5011713]",False,4,Erskine Street,tertiary,40,False,63.378,"LINESTRING (151.2043551 -33.8667542, 151.2044178 -33.866749, 151.2044635 -33.8667452, 151.2044952 -33.8667425, 151.2049121 -33.8667024, 151.2049439 -33.8666993, 151.2050372 -33.8666903)",12,,,,
527690684,False,4,Erskine Street,tertiary,40,True,89.20299999999999,"LINESTRING (151.2043551 -33.8667542, 151.2042772 -33.8667604, 151.2042427 -33.8667632, 151.2035552 -33.8668182, 151.2035218 -33.8668208, 151.2033934 -33.8668311)",12,,,,
36328670,True,3,Market Street,secondary,40,False,64.982,"LINESTRING (151.2101987 -33.8707469, 151.2100623 -33.8707346, 151.2100125 -33.8707319, 151.2096349 -33.8707388, 151.2095656 -33.8707401, 151.2094959 -33.8707414)",,,,,
324139693,False,6,Elizabeth Street,primary,40,True,35.943,"LINESTRING (151.2101987 -33.8707469, 151.2102035 -33.8706483, 151.2102143 -33.8705627, 151.2102321 -33.870425)",,,,,
"[408466890, 324139694]",False,6,Elizabeth Street,primary,40,False,284.423,"LINESTRING (151.2101987 -33.8707469, 151.2101985 -33.8708491, 151.2101935 -33.8708913, 151.2100766 -33.8718774, 151.2099772 -33.87268, 151.209929 -33.8731135, 151.2099237 -33.873161, 151.2099094 -33.873293)",,,,,
152425773,False,,Hosking Place,living_street,10,True,82.411,"LINESTRING (151.2090376 -33.8671034, 151.2098431 -33.8671792, 151.2099245 -33.8671869)",,,,,
"[901816995, 600318851, 4354653, 816501797]",True,3,Castlereagh Street,unclassified,40,False,211.88400000000001,"LINESTRING (151.2099245 -33.8671869, 151.209884 -33.8675398, 151.2098804 -33.8675699, 151.2098758 -33.8676083, 151.2098653 -33.8676973, 151.2098541 -33.8677915, 151.2098489 -33.8678347, 151.2097749 -33.8683653, 151.2096954 -33.8689518, 151.2096913 -33.8689823, 151.2096836 -33.8690387, 151.2096778 -33.8690813)",,,,,
152425773,False,,Hosking Place,living_street,10,False,82.411,"LINESTRING (151.2099245 -33.8671869, 151.2098431 -33.8671792, 151.2090376 -33.8671034)",,,,,
153515854,True,3,King Street Offramp,motorway_link,50,False,31.086,"LINESTRING (151.2033293 -33.8689168, 151.2033812 -33.8688857, 151.203446 -33.8688571, 151.2034991 -33.8688373, 151.203529 -33.8688272, 151.2036324 -33.868799)",,,,,
826184867,True,,,motorway_link,50,False,32.035,"LINESTRING (151.2033293 -33.8689168, 151.2034573 -33.8689212, 151.2035213 -33.8689359, 151.2035571 -33.8689443, 151.2035961 -33.8689674, 151.2036454 -33.8690055)",,,,,
"[521118940, 48539508, 521118941, 521118942]",False,"['5', '6']",Park Street,secondary,40,False,251.462,"LINESTRING (151.2099094 -33.873293, 151.2100667 -33.8733075, 151.210107 -33.8733123, 151.2102758 -33.8733315, 151.2104901 -33.8733632, 151.2113604 -33.8735126, 151.2115865 -33.8735503, 151.2118959 -33.8736009, 151.2122322 -33.873657, 151.2123755 -33.8736795, 151.2124178 -33.8736862, 151.2125047 -33.8737018, 151.2125843 -33.8737152)",,,,,
83148535,False,6,Park Street,secondary,40,True,66.905,"LINESTRING (151.2099094 -33.873293, 151.2097623 -33.8732783, 151.2097116 -33.8732745, 151.2093321 -33.8732402, 151.2092827 -33.8732323, 151.2091914 -33.8732153)",,,,,
"[408466890, 324139694]",False,6,Elizabeth Street,primary,40,True,284.42299999999994,"LINESTRING (151.2099094 -33.873293, 151.2099237 -33.873161, 151.209929 -33.8731135, 151.2099772 -33.87268, 151.2100766 -33.8718774, 151.2101935 -33.8708913, 151.2101985 -33.8708491, 151.2101987 -33.8707469)",,,,,
"[235330386, 252253878]",True,,Pitt Street,unclassified,40,False,212.89899999999994,"LINESTRING (151.208553 -33.8669917, 151.2084929 -33.8674402, 151.2084916 -33.8674501, 151.2084881 -33.867477, 151.2084752 -33.8675759, 151.208463 -33.8676704, 151.2084494 -33.8677751, 151.2084223 -33.8680942, 151.2084089 -33.8682522, 151.2083914 -33.8683884, 151.2083437 -33.8687607, 151.2083412 -33.86878, 151.2083318 -33.8688529, 151.2083262 -33.8688968)",,,,,
598692240,False,,Angel Place,living_street,10,True,71.206,"LINESTRING (151.208553 -33.8669917, 151.2085001 -33.8669881, 151.2084483 -33.866984, 151.2084191 -33.8669817, 151.2081539 -33.8669604, 151.2081249 -33.8672153, 151.2080632 -33.8672104)",,,,,
"[1884057, 3987251, 721183959]",False,4,"['Druitt Street', 'Park Street']",secondary,40,True,157.187,"LINESTRING (151.2064851 -33.8727818, 151.2065406 -33.8727968, 151.2065764 -33.8728065, 151.2066043 -33.8728168, 151.2067016 -33.8728527, 151.2067777 -33.8728816, 151.2068256 -33.8728968, 151.2069104 -33.8729269, 151.2069874 -33.8729449, 151.2070057 -33.8729502, 151.2070222 -33.8729536, 151.2070617 -33.8729597, 151.2071455 -33.8729706, 151.207223 -33.8729814, 151.2076319 -33.8730343, 151.2079936 -33.873081, 151.2080401 -33.8730874, 151.2081348 -33.8730969)",,,,,
245021279,False,,Druitt Street,secondary,30,False,70.72999999999999,"LINESTRING (151.2064851 -33.8727818, 151.2063946 -33.8727623, 151.2062509 -33.872754, 151.2060528 -33.8727432, 151.2058454 -33.8727359, 151.2058163 -33.8727364, 151.205723 -33.8727389)",,,,,
235330385,False,,Hunter Street,unclassified,40,True,121.15,"LINESTRING (151.2088603 -33.8657667, 151.2089087 -33.8657861, 151.2099228 -33.8661925, 151.2099545 -33.8662052, 151.210047 -33.8662299)",,,,,
1015733366,False,,Hunter Street,unclassified,40,False,16.849,"LINESTRING (151.2088603 -33.8657667, 151.2087853 -33.8657395, 151.2086932 -33.8657058)",,,,,
551547081,False,4,Bathurst Street,secondary,50,False,50.496,"LINESTRING (151.2037112 -33.8740616, 151.2041276 -33.8741085, 151.2041567 -33.8741117, 151.2042532 -33.8741226)",,,,,
551547081,False,4,Bathurst Street,secondary,50,True,29.7,"LINESTRING (151.2037112 -33.8740616, 151.203513 -33.8740418, 151.2033918 -33.8740297)",,,,,
551547081,False,4,Bathurst Street,secondary,50,False,29.7,"LINESTRING (151.2033918 -33.8740297, 151.203513 -33.8740418, 151.2037112 -33.8740616)",,,,,
551547080,False,,Sands Street,residential,,True,19.833,"LINESTRING (151.203783 -33.8732707, 151.2037984 -33.8734486)",,,,,
"[821663809, 245893071]",True,2,Western Distributor Onramp,motorway_link,60,False,178.53299999999996,"LINESTRING (151.2035826 -33.8709856, 151.2034626 -33.8710292, 151.2034031 -33.8710609, 151.203348 -33.8710971, 151.2033044 -33.8711351, 151.2032643 -33.8711791, 151.2032347 -33.8712243, 151.2032135 -33.8712712, 151.203195 -33.8713237, 151.203184 -33.8713768, 151.2031785 -33.871437, 151.2031831 -33.8715105, 151.2032273 -33.8717256, 151.2032496 -33.8718559, 151.2032945 -33.8722406, 151.2033184 -33.8724313)",,,yes,,viaduct
551547080,False,,Sands Street,residential,,False,19.833,"LINESTRING (151.2037984 -33.8734486, 151.203783 -33.8732707)",,,,,
207693012,True,,Sands Street,residential,,False,68.637,"LINESTRING (151.2037984 -33.8734486, 151.2037207 -33.8739946, 151.2037112 -33.8740616)",,,,,
263739287,False,,Sands Street,residential,,False,33.796,"LINESTRING (151.2037984 -33.8734486, 151.204087 -33.8734365, 151.204164 -33.8734333)",,,,,
1161227829,True,4,Shakespeare Place,tertiary_link,50,False,39.548,"LINESTRING (151.2136758 -33.8660524, 151.2135645 -33.8659901, 151.2134241 -33.8659314, 151.2132989 -33.8658854)",,,,,
333018552,False,4,Macquarie Street,secondary,40,False,50.42100000000001,"LINESTRING (151.2124704 -33.8661119, 151.2124124 -33.8664569, 151.2124091 -33.8664768, 151.212395 -33.866561)",,,,,
435287619,False,4,Macquarie Street,secondary,40,True,43.566,"LINESTRING (151.2124704 -33.8661119, 151.2125125 -33.8658553, 151.2125175 -33.8658249, 151.2125342 -33.8657237)",,,,,
77527247,True,4,Sussex Street,unclassified,50,False,58.363,"LINESTRING (151.2041862 -33.8736007, 151.2042362 -33.8740039, 151.2042391 -33.8740236, 151.2042532 -33.8741226)",,,,,
279705002,True,1,Druitt Lane,residential,40,False,92.577,"LINESTRING (151.2041862 -33.8736007, 151.2042627 -33.8736091, 151.2051191 -33.8736877, 151.2051827 -33.8736935)",,,,,
"[378599616, 778420269, 778420270]",True,"['3', '2']",Kent Street,unclassified,40,False,101.707,"LINESTRING (151.2051827 -33.8736935, 151.2051781 -33.873656, 151.2051674 -33.8735438, 151.2051552 -33.8733891, 151.2051394 -33.8732541, 151.2051244 -33.8731262, 151.2051209 -33.8730968, 151.2051188 -33.8730782, 151.2050977 -33.8728896, 151.205094 -33.8728604, 151.205085 -33.8727825)",,,,,
318665310,True,3,York Street,unclassified,40,False,90.39699999999999,"LINESTRING (151.2064374 -33.8719704, 151.2064915 -33.8726838, 151.2064851 -33.8727818)",,destination,,,
52751189,True,1,St. James Road,primary_link,40,False,66.036,"LINESTRING (151.2103124 -33.8698195, 151.2103446 -33.8698861, 151.2103652 -33.8699168, 151.2103844 -33.8699419, 151.2104004 -33.8699585, 151.2104228 -33.8699775, 151.2104532 -33.8699904, 151.2104858 -33.8699968, 151.2105325 -33.8699989, 151.2105661 -33.8699962, 151.2106055 -33.8699919, 151.2106547 -33.8699838, 151.2107258 -33.8699659, 151.210896 -33.8699155)",,,,,
169069535,False,5,Elizabeth Street,primary,40,True,71.089,"LINESTRING (151.2103124 -33.8698195, 151.2103858 -33.8692778, 151.2103884 -33.8692588, 151.210408 -33.8691855)",,,,,
378056657,False,5,Elizabeth Street,primary,40,False,67.736,"LINESTRING (151.2103124 -33.8698195, 151.2102638 -33.8701737, 151.2102321 -33.870425)",,,,,
52751193,True,2,St. James Road,secondary,40,False,84.137,"LINESTRING (151.210896 -33.8699155, 151.2106409 -33.8700673, 151.2104589 -33.8701896, 151.2104376 -33.8702067, 151.2102321 -33.870425)",,,,,
398295481,False,5,St. James Road,secondary,40,True,42.617,"LINESTRING (151.210896 -33.8699155, 151.2109703 -33.8698905, 151.2110953 -33.8698614, 151.211213 -33.869842, 151.2112871 -33.8698308, 151.2113432 -33.8698271)",,,,,
679376476,False,,Prince Albert Road,tertiary,,True,2.238,"LINESTRING (151.2134932 -33.8705437, 151.2135143 -33.8705536)",,,,,
387790894,True,2,Prince Albert Road,tertiary,,False,44.3,"LINESTRING (151.2134932 -33.8705437, 151.2134607 -33.8705341, 151.2133914 -33.8705169, 151.2133244 -33.870501, 151.213272 -33.8704916, 151.2132494 -33.8704878, 151.2132259 -33.8704857, 151.2132035 -33.8704856, 151.2131859 -33.8704867, 151.2131699 -33.8704885, 151.2131529 -33.8704934, 151.2131198 -33.870504, 151.2130327 -33.8705319)",,,,,
679376477,True,,,tertiary_link,,False,18.977,"LINESTRING (151.2134932 -33.8705437, 151.2134811 -33.8705149, 151.2134755 -33.870498, 151.213473 -33.8704834, 151.2134732 -33.8704703, 151.2134753 -33.8704553, 151.2134792 -33.8704425, 151.2134848 -33.8704296, 151.2134929 -33.8704132, 151.2135121 -33.870382)",,,,,
387790900,False,2,Saint Marys Road,tertiary,,False,16.964,"LINESTRING (151.2136786 -33.8706219, 151.2135143 -33.8705536)",,,,,
173178510,True,,Saint Marys Road,tertiary_link,,False,18.301000000000002,"LINESTRING (151.2136808 -33.8704587, 151.2136745 -33.8704822, 151.2136703 -33.8705078, 151.2136688 -33.870529, 151.2136693 -33.8705622, 151.2136724 -33.8705913, 151.2136786 -33.8706219)",,,,,
679376475,True,,,tertiary_link,,False,18.839,"LINESTRING (151.2136808 -33.8704587, 151.2136463 -33.8704874, 151.2136167 -33.8705073, 151.2135839 -33.8705268, 151.2135544 -33.8705396, 151.2135143 -33.8705536)",,,,,
387790900,False,2,Saint Marys Road,tertiary,,True,16.964,"LINESTRING (151.2135143 -33.8705536, 151.2136786 -33.8706219)",,,,,
679376476,False,,Prince Albert Road,tertiary,,False,2.238,"LINESTRING (151.2135143 -33.8705536, 151.2134932 -33.8705437)",,,,,
389002191,False,4,Market Street,secondary,40,False,64.848,"LINESTRING (151.2041479 -33.8709608, 151.2047197 -33.8709668, 151.204759 -33.8709672, 151.2048502 -33.8709694)",,,,,
770060972,True,3,Market Street,secondary,40,False,24.584,"LINESTRING (151.2041479 -33.8709608, 151.2039777 -33.8709693, 151.2039538 -33.8709705, 151.2038821 -33.870974)",,,,,
389002192,True,1,,secondary_link,,False,35.885,"LINESTRING (151.2038533 -33.870783, 151.2039083 -33.870879, 151.2039454 -33.8709004, 151.2039988 -33.8709208, 151.2041479 -33.8709608)",,,,,
770060971,True,2,Sussex Street,tertiary,50,False,21.403,"LINESTRING (151.2038533 -33.870783, 151.2038705 -33.8708973, 151.2038749 -33.8709265, 151.2038821 -33.870974)",,,,,
821406897,True,2,,motorway_link,,False,34.819,"LINESTRING (151.2038533 -33.870783, 151.2038047 -33.870857, 151.2037934 -33.8708686, 151.203773 -33.8708894, 151.2037589 -33.8709037, 151.2036828 -33.8709489, 151.2035826 -33.8709856)",,,,,
378599618,True,3,Bathurst Street,secondary,50,False,23.612000000000002,"LINESTRING (151.2031374 -33.8740079, 151.2032549 -33.874018, 151.2033918 -33.8740297)",,,,,
"[1015713937, 4987587, 2077108]",False,5,"['Chifley Square', 'Phillip Street']",primary,40,True,129.339,"LINESTRING (151.2114586 -33.8653524, 151.211212 -33.8658134, 151.2111385 -33.8659373, 151.2110235 -33.8660377, 151.2108033 -33.86623, 151.210791 -33.8662592, 151.210757 -33.8663402)",,,,,
"[1186155104, 1100793860, 1100793872, 174712797, 1186155103]",False,,Slip Street,unclassified,,"[False, True]",393.5660000000001,"LINESTRING (151.203501 -33.8711649, 151.2034621 -33.8709091, 151.2034729 -33.870785, 151.2035031 -33.8706734, 151.203485 -33.8704064, 151.2034675 -33.8702373, 151.2034434 -33.8700045, 151.2034232 -33.8698094, 151.2033909 -33.8694966, 151.2033736 -33.8693297, 151.2033653 -33.8692489, 151.2033512 -33.8691758, 151.2032869 -33.8690733, 151.2032406 -33.868863, 151.203237 -33.8688433, 151.2032192 -33.8687442, 151.2031066 -33.8682066, 151.2030959 -33.8681291, 151.2031102 -33.8680599, 151.2031494 -33.8679974, 151.2032171 -33.867957, 151.2032857 -33.8679262, 151.2033766 -33.8679075, 151.2034218 -33.8679032, 151.203513 -33.8678945)",,,yes,,
598692240,False,,Angel Place,living_street,10,False,71.20599999999999,"LINESTRING (151.2080632 -33.8672104, 151.2081249 -33.8672153, 151.2081539 -33.8669604, 151.2084191 -33.8669817, 151.2084483 -33.866984, 151.2085001 -33.8669881, 151.208553 -33.8669917)",,,,,
252140243,True,,College Street,secondary,40,False,63.077,"LINESTRING (151.2129459 -33.8710521, 151.2129515 -33.8709608, 151.2129521 -33.8708597, 151.2129488 -33.8707871, 151.2129443 -33.8707399, 151.2129416 -33.8707114, 151.212929 -33.8706424, 151.2129159 -33.870592, 151.2129002 -33.8705416, 151.2128786 -33.870492)",,,,,
"[753455242, 753455243, 753455244]",False,5,College Street,secondary,40,True,298.10900000000004,"LINESTRING (151.2129459 -33.8710521, 151.2128284 -33.8719204, 151.2127934 -33.8721373, 151.2127708 -33.8723143, 151.2127251 -33.8727203, 151.2125968 -33.8735096, 151.2125908 -33.8735462, 151.2125841 -33.8736256, 151.2125843 -33.8737152)",,,,,
"[1113541317, 77527229]",True,4,Sussex Street,tertiary,50,False,198.593,"LINESTRING (151.2036454 -33.8690055, 151.2037587 -33.8700462, 151.2038094 -33.8703983, 151.2038482 -33.8707429, 151.2038533 -33.870783)",,,,,
"[1102756320, 3188362, 1102756319]",False,2,Phillip Street,unclassified,40,True,293.46999999999997,"LINESTRING (151.211077 -33.8690482, 151.2112034 -33.8679824, 151.2112057 -33.8679655, 151.2112069 -33.8679564, 151.211209 -33.8679405, 151.211221 -33.8678505, 151.2112227 -33.867838, 151.2112387 -33.8677182, 151.2112417 -33.8676957, 151.2112463 -33.8676614, 151.2113406 -33.8669188, 151.2113962 -33.8664984, 151.2114062 -33.8664232)",,,,,
398295481,False,5,St. James Road,secondary,40,False,42.617000000000004,"LINESTRING (151.2113432 -33.8698271, 151.2112871 -33.8698308, 151.211213 -33.869842, 151.2110953 -33.8698614, 151.2109703 -33.8698905, 151.210896 -33.8699155)",,,,,
1082454823,True,5,St. James Road,secondary,40,False,59.80800000000001,"LINESTRING (151.2113432 -33.8698271, 151.2115643 -33.8698017, 151.2116233 -33.8697974, 151.2117285 -33.8697964, 151.2117934 -33.8697975, 151.2118401 -33.8697997, 151.2119883 -33.869807)",,,,,
1211718077,False,,Macquarie Street,secondary,40,False,7.716,"LINESTRING (151.2119883 -33.869807, 151.2119784 -33.8698759)",,,,,
"[753455241, 785917939]",False,4,Macquarie Street,secondary,40,True,362.90700000000004,"LINESTRING (151.2119883 -33.869807, 151.212002 -33.8697119, 151.2120066 -33.8696806, 151.2121546 -33.868625, 151.2121958 -33.868291, 151.2122263 -33.8680447, 151.2122277 -33.8680336, 151.2122319 -33.8679996, 151.212239 -33.8679427, 151.2122427 -33.8679123, 151.2122485 -33.8678664, 151.2122533 -33.8678287, 151.2122597 -33.8677776, 151.2123842 -33.8666575, 151.2123872 -33.8666308, 151.212395 -33.866561)",,,,,
"[1082454825, 1082454826]",True,5,St. James Road,secondary,40,False,95.943,"LINESTRING (151.2119883 -33.869807, 151.2120754 -33.8698151, 151.2120929 -33.8698175, 151.2121258 -33.8698219, 151.2121986 -33.8698362, 151.2122898 -33.8698569, 151.212344 -33.8698723, 151.2124314 -33.8699046, 151.2124888 -33.8699342, 151.2125399 -33.8699671, 151.2125973 -33.8700116, 151.2127108 -33.8701207, 151.2128248 -33.8702508)",,,,,
1082454828,False,,,tertiary,,False,14.903,"LINESTRING (151.2130327 -33.8705319, 151.2128786 -33.870492)",,,,,
1082456263,True,,College Street,secondary,40,False,59.203,"LINESTRING (151.2130327 -33.8705319, 151.2130395 -33.8705564, 151.2130474 -33.8705928, 151.2130528 -33.8706345, 151.2130515 -33.8706874, 151.213041 -33.8707492, 151.2130253 -33.8707982, 151.2129459 -33.8710521)",,,,,
2948480,True,,Prince Albert Road,secondary_link,,False,36.605000000000004,"LINESTRING (151.2131369 -33.8704085, 151.2131689 -33.8704122, 151.2131978 -33.8704176, 151.213232 -33.8704254, 151.2132877 -33.8704415, 151.2133403 -33.8704611, 151.2133875 -33.8704849, 151.2134447 -33.8705173, 151.2134932 -33.8705437)",,,,,
387790895,True,,Prince Albert Road,tertiary,,False,34.852,"LINESTRING (151.2131369 -33.8704085, 151.2132489 -33.8704066, 151.2133139 -33.8704049, 151.213388 -33.8704, 151.2134419 -33.870394, 151.2134734 -33.8703896, 151.2135121 -33.870382)",,,,,
1082454826,True,,St. James Road,secondary,40,False,26.144,"LINESTRING (151.2128248 -33.8702508, 151.2128761 -33.8703093, 151.2129016 -33.8703368, 151.2129494 -33.8703914, 151.2129839 -33.8704348, 151.2129886 -33.8704424)",,,,,
1082454827,True,,,secondary_link,,False,33.912000000000006,"LINESTRING (151.2128248 -33.8702508, 151.2128631 -33.8702787, 151.2128915 -33.8702979, 151.2129082 -33.8703084, 151.2129303 -33.8703209, 151.2129628 -33.870336, 151.2130015 -33.8703536, 151.2130476 -33.8703723, 151.2131369 -33.8704085)",,,,,
1082454829,False,,,tertiary,,False,11.557,"LINESTRING (151.2129886 -33.8704424, 151.2128786 -33.870492)",,,,,
1201700736,True,,Prince Albert Road,tertiary,,False,14.372,"LINESTRING (151.2129886 -33.8704424, 151.2130128 -33.8704322, 151.2130702 -33.8704151, 151.2130921 -33.8704105, 151.2131109 -33.8704085, 151.2131369 -33.8704085)",,,,,
1259567225,True,,College Street,secondary,40,False,10.787,"LINESTRING (151.2129886 -33.8704424, 151.2130011 -33.8704626, 151.2130221 -33.870501, 151.2130327 -33.8705319)",,,,,
"[152583184, 1131909511]",False,,Hunter Street,unclassified,40,True,104.771,"LINESTRING (151.2075806 -33.8655314, 151.2077715 -33.8655555, 151.2081653 -33.865605, 151.2084946 -33.8656506, 151.2085436 -33.8656634, 151.2086382 -33.8656881, 151.2086932 -33.8657058)",,,,,
"[3188409, 600318850]",True,4,Castlereagh Street,unclassified,40,False,276.59400000000005,"LINESTRING (151.2094959 -33.8707414, 151.2094859 -33.8707983, 151.2094589 -33.8709925, 151.209386 -33.8714083, 151.2092829 -33.8722666, 151.2092077 -33.8730548, 151.2092032 -33.8731021, 151.2091914 -33.8732153)",,,,,
36328670,True,3,Market Street,secondary,40,False,117.565,"LINESTRING (151.2094959 -33.8707414, 151.2094397 -33.8707424, 151.2093869 -33.8707442, 151.2083809 -33.8707787, 151.2083554 -33.8707795, 151.2082235 -33.8707823)",,,,,
